ros_time_sec,ros_time_nsec,O_T_EE_0,O_T_EE_1,O_T_EE_2,O_T_EE_3,O_T_EE_4,O_T_EE_5,O_T_EE_6,O_T_EE_7,O_T_EE_8,O_T_EE_9,O_T_EE_10,O_T_EE_11,O_T_EE_12,O_T_EE_13,O_T_EE_14,O_T_EE_15,O_T_EE_d_0,O_T_EE_d_1,O_T_EE_d_2,O_T_EE_d_3,O_T_EE_d_4,O_T_EE_d_5,O_T_EE_d_6,O_T_EE_d_7,O_T_EE_d_8,O_T_EE_d_9,O_T_EE_d_10,O_T_EE_d_11,O_T_EE_d_12,O_T_EE_d_13,O_T_EE_d_14,O_T_EE_d_15,F_ext_x,F_ext_y,F_ext_z,F_ext_wx,F_ext_wy,F_ext_wz
1774903011.000000000,222160339.000000000,0.983753721,-0.170972673,0.054568379,0.000000000,-0.171427771,-0.985179835,0.003736182,0.000000000,0.053121904,-0.013030269,-0.998503017,0.000000000,0.303548799,-0.029902169,0.348861111,1.000000000,0.983708337,-0.170988824,0.055330615,0.000000000,-0.171458565,-0.985174148,0.003821590,0.000000000,0.053857880,-0.013246492,-0.998460745,0.000000000,0.303543355,-0.029907517,0.349093902,1.000000000,-0.981388717,0.009171167,-0.919019771,0.000993004,0.164084735,0.087268099
1774903011.000000000,256070613.000000000,0.983755729,-0.170961338,0.054567690,0.000000000,-0.171416636,-0.985181756,0.003740417,0.000000000,0.053120649,-0.013033718,-0.998503039,0.000000000,0.303548853,-0.029899054,0.348860732,1.000000000,0.983708337,-0.170988824,0.055330615,0.000000000,-0.171458565,-0.985174148,0.003821590,0.000000000,0.053857880,-0.013246492,-0.998460745,0.000000000,0.303543355,-0.029907517,0.349093902,1.000000000,-0.965429062,0.038545910,-0.913493534,0.007086057,0.164100734,0.078819527
1774903011.000000000,291450023.000000000,0.983754550,-0.170969842,0.054562308,0.000000000,-0.171424660,-0.985180390,0.003732494,0.000000000,0.053116595,-0.013025434,-0.998503363,0.000000000,0.303547830,-0.029902650,0.348859156,1.000000000,0.983708337,-0.170988824,0.055330615,0.000000000,-0.171458565,-0.985174148,0.003821590,0.000000000,0.053857880,-0.013246492,-0.998460745,0.000000000,0.303543355,-0.029907517,0.349093902,1.000000000,-0.965429062,0.038545910,-0.913493534,0.007086057,0.164100734,0.078819527
1774903011.000000000,324969768.000000000,0.983754929,-0.170966026,0.054567428,0.000000000,-0.171421124,-0.985180990,0.003736602,0.000000000,0.053120984,-0.013030162,-0.998503068,0.000000000,0.303549070,-0.029901664,0.348860606,1.000000000,0.983708337,-0.170988824,0.055330615,0.000000000,-0.171458565,-0.985174148,0.003821590,0.000000000,0.053857880,-0.013246492,-0.998460745,0.000000000,0.303543355,-0.029907517,0.349093902,1.000000000,-0.982512343,0.050292293,-0.916336449,0.008423273,0.166379739,0.075638691
1774903011.000000000,359239339.000000000,0.983753811,-0.170973531,0.054564066,0.000000000,-0.171428443,-0.985179727,0.003733738,0.000000000,0.053118064,-0.013027162,-0.998503262,0.000000000,0.303548326,-0.029902349,0.348859656,1.000000000,0.983708337,-0.170988824,0.055330615,0.000000000,-0.171458565,-0.985174148,0.003821590,0.000000000,0.053857880,-0.013246492,-0.998460745,0.000000000,0.303543355,-0.029907517,0.349093902,1.000000000,-0.943205003,0.028472666,-0.918601154,0.004378476,0.159272870,0.080524915
1774903011.000000000,394272804.000000000,0.983753725,-0.170972882,0.054567652,0.000000000,-0.171427975,-0.985179799,0.003736270,0.000000000,0.053121170,-0.013030242,-0.998503057,0.000000000,0.303548260,-0.029902107,0.348860577,1.000000000,0.983708337,-0.170988824,0.055330615,0.000000000,-0.171458565,-0.985174148,0.003821590,0.000000000,0.053857880,-0.013246492,-0.998460745,0.000000000,0.303543355,-0.029907517,0.349093902,1.000000000,-0.958159154,0.048310094,-0.918818075,0.008645025,0.162040938,0.076928739
1774903011.000000000,426640987.000000000,0.983753291,-0.170975092,0.054568560,0.000000000,-0.171430183,-0.985179416,0.003735938,0.000000000,0.053122092,-0.013030191,-0.998503008,0.000000000,0.303548475,-0.029902168,0.348860931,1.000000000,0.983708337,-0.170988824,0.055330615,0.000000000,-0.171458565,-0.985174148,0.003821590,0.000000000,0.053857880,-0.013246492,-0.998460745,0.000000000,0.303543355,-0.029907517,0.349093902,1.000000000,-0.958159154,0.048310094,-0.918818075,0.008645025,0.162040938,0.076928739
1774903011.000000000,461110353.000000000,0.983754485,-0.170968452,0.054567834,0.000000000,-0.171423449,-0.985180593,0.003734544,0.000000000,0.053121705,-0.013028332,-0.998503053,0.000000000,0.303549176,-0.029901307,0.348861626,1.000000000,0.983708337,-0.170988824,0.055330615,0.000000000,-0.171458565,-0.985174148,0.003821590,0.000000000,0.053857880,-0.013246492,-0.998460745,0.000000000,0.303543355,-0.029907517,0.349093902,1.000000000,-0.949408530,0.021785630,-0.915314443,0.001735551,0.160599042,0.084989768
1774903011.000000000,495910167.000000000,0.983754528,-0.170966856,0.054572056,0.000000000,-0.171421968,-0.985180847,0.003735701,0.000000000,0.053125686,-0.013030113,-0.998502818,0.000000000,0.303549860,-0.029900599,0.348861214,1.000000000,0.983708337,-0.170988824,0.055330615,0.000000000,-0.171458565,-0.985174148,0.003821590,0.000000000,0.053857880,-0.013246492,-0.998460745,0.000000000,0.303543355,-0.029907517,0.349093902,1.000000000,-0.947182423,0.040911788,-0.918934398,0.005045581,0.161653009,0.080463890
1774903011.000000000,528551578.000000000,0.983753565,-0.170972676,0.054571193,0.000000000,-0.171427681,-0.985179860,0.003733764,0.000000000,0.053125092,-0.013028368,-0.998502872,0.000000000,0.303548854,-0.029901798,0.348861419,1.000000000,0.983708337,-0.170988824,0.055330615,0.000000000,-0.171458565,-0.985174148,0.003821590,0.000000000,0.053857880,-0.013246492,-0.998460745,0.000000000,0.303543355,-0.029907517,0.349093902,1.000000000,-0.930065377,0.041161365,-0.922324879,0.004618391,0.160053186,0.081886576
1774903011.000000000,562896490.000000000,0.983754020,-0.170969086,0.054574234,0.000000000,-0.171424275,-0.985180442,0.003736574,0.000000000,0.053127652,-0.013031469,-0.998502696,0.000000000,0.303549691,-0.029902326,0.348862178,1.000000000,0.983708337,-0.170988824,0.055330615,0.000000000,-0.171458565,-0.985174148,0.003821590,0.000000000,0.053857880,-0.013246492,-0.998460745,0.000000000,0.303543355,-0.029907517,0.349093902,1.000000000,-0.930065377,0.041161365,-0.922324879,0.004618391,0.160053186,0.081886576
1774903011.000000000,597804307.000000000,0.983752814,-0.170973354,0.054582595,0.000000000,-0.171428640,-0.985179684,0.003736223,0.000000000,0.053135893,-0.013032791,-0.998502240,0.000000000,0.303551339,-0.029901887,0.348863808,1.000000000,0.983708337,-0.170988824,0.055330615,0.000000000,-0.171458565,-0.985174148,0.003821590,0.000000000,0.053857880,-0.013246492,-0.998460745,0.000000000,0.303543355,-0.029907517,0.349093902,1.000000000,-0.903323184,0.019575957,-0.958907467,0.000258220,0.157827227,0.086390320
1774903011.000000000,630471706.000000000,0.983753620,-0.170965438,0.054592865,0.000000000,-0.171420991,-0.985181004,0.003738938,0.000000000,0.053145648,-0.013036808,-0.998501668,0.000000000,0.303553154,-0.029902051,0.348866426,1.000000000,0.983708337,-0.170988824,0.055330615,0.000000000,-0.171458565,-0.985174148,0.003821590,0.000000000,0.053857880,-0.013246492,-0.998460745,0.000000000,0.303543355,-0.029907517,0.349093902,1.000000000,-0.925489176,0.048432152,-0.896509267,0.004948011,0.164695929,0.083291007
1774903011.000000000,664993047.000000000,0.983751996,-0.170968978,0.054611048,0.000000000,-0.171424548,-0.985180402,0.003734673,0.000000000,0.053164245,-0.013035917,-0.998500690,0.000000000,0.303556662,-0.029903482,0.348870139,1.000000000,0.983708337,-0.170988824,0.055330615,0.000000000,-0.171458565,-0.985174148,0.003821590,0.000000000,0.053857880,-0.013246492,-0.998460745,0.000000000,0.303543355,-0.029907517,0.349093902,1.000000000,-0.896008005,0.059477722,-0.906662188,0.004535043,0.161755934,0.086155350
1774903011.000000000,698946714.000000000,0.983750571,-0.170964907,0.054649440,0.000000000,-0.171421362,-0.985180928,0.003741991,0.000000000,0.053200861,-0.013049518,-0.998498562,0.000000000,0.303564256,-0.029902752,0.348880082,1.000000000,0.983708337,-0.170988824,0.055330615,0.000000000,-0.171458565,-0.985174148,0.003821590,0.000000000,0.053857880,-0.013246492,-0.998460745,0.000000000,0.303543355,-0.029907517,0.349093902,1.000000000,-0.913121595,0.063895278,-0.903187718,0.003490502,0.169617683,0.086527804
1774903011.000000000,732764720.000000000,0.983740602,-0.170964832,0.054828827,0.000000000,-0.171424123,-0.985180413,0.003751045,0.000000000,0.053376017,-0.013089291,-0.998488694,0.000000000,0.303601803,-0.029913465,0.348904208,1.000000000,0.983708337,-0.170988824,0.055330615,0.000000000,-0.171458565,-0.985174148,0.003821590,0.000000000,0.053857880,-0.013246492,-0.998460745,0.000000000,0.303543355,-0.029907517,0.349093902,1.000000000,-0.825998978,0.097103015,-0.864347691,-0.000802609,0.164916993,0.089836117
1774903011.000000000,766956806.000000000,0.983726500,-0.170952005,0.055121073,0.000000000,-0.171416003,-0.985181763,0.003767479,0.000000000,0.053661251,-0.013155056,-0.998472541,0.000000000,0.303663572,-0.029924832,0.348952297,1.000000000,0.983708337,-0.170988824,0.055330615,0.000000000,-0.171458565,-0.985174148,0.003821590,0.000000000,0.053857880,-0.013246492,-0.998460745,0.000000000,0.303543355,-0.029907517,0.349093902,1.000000000,-0.825998978,0.097103015,-0.864347691,-0.000802609,0.164916993,0.089836117
1774903011.000000000,800607442.000000000,0.983697361,-0.170925070,0.055721347,0.000000000,-0.171398499,-0.985184701,0.003795448,0.000000000,0.054248126,-0.013284383,-0.998439115,0.000000000,0.303796017,-0.029945005,0.349074785,1.000000000,0.983708337,-0.170988824,0.055330615,0.000000000,-0.171458565,-0.985174148,0.003821590,0.000000000,0.053857880,-0.013246492,-0.998460745,0.000000000,0.303543355,-0.029907517,0.349093902,1.000000000,-0.781008838,0.126663391,-0.828870570,-0.002230940,0.176572969,0.087318782
1774903011.000000000,834975004.000000000,0.983654389,-0.170885350,0.056594932,0.000000000,-0.171372825,-0.985188999,0.003838943,0.000000000,0.055101746,-0.013475286,-0.998389811,0.000000000,0.303987597,-0.029970383,0.349269164,1.000000000,0.983708337,-0.170988824,0.055330615,0.000000000,-0.171458565,-0.985174148,0.003821590,0.000000000,0.053857880,-0.013246492,-0.998460745,0.000000000,0.303543355,-0.029907517,0.349093902,1.000000000,-0.734759864,0.178889817,-0.810324452,-0.003984413,0.187496213,0.091460111
1774903011.000000000,869292974.000000000,0.983585252,-0.170817042,0.057985665,0.000000000,-0.171327390,-0.985196622,0.003909959,0.000000000,0.056460480,-0.013780576,-0.998309726,0.000000000,0.304293095,-0.030016547,0.349537938,1.000000000,0.983708337,-0.170988824,0.055330615,0.000000000,-0.171458565,-0.985174148,0.003821590,0.000000000,0.053857880,-0.013246492,-0.998460745,0.000000000,0.303543355,-0.029907517,0.349093902,1.000000000,-0.291804530,0.224304198,-0.951282467,-0.023181652,0.130283405,0.110398022
1774903011.000000000,903638839.000000000,0.983476241,-0.170737383,0.060033130,0.000000000,-0.171282194,-0.985204074,0.004011170,0.000000000,0.058461153,-0.014227771,-0.998188291,0.000000000,0.304756176,-0.030098479,0.349889045,1.000000000,0.983708337,-0.170988824,0.055330615,0.000000000,-0.171458565,-0.985174148,0.003821590,0.000000000,0.053857880,-0.013246492,-0.998460745,0.000000000,0.303543355,-0.029907517,0.349093902,1.000000000,-0.291804530,0.224304198,-0.951282467,-0.023181652,0.130283405,0.110398022
1774903011.000000000,936967134.000000000,0.983329285,-0.170671111,0.062575045,0.000000000,-0.171256643,-0.985208248,0.004076478,0.000000000,0.060954887,-0.014725196,-0.998031898,0.000000000,0.305369190,-0.030214216,0.350332487,1.000000000,0.983708337,-0.170988824,0.055330615,0.000000000,-0.171458565,-0.985174148,0.003821590,0.000000000,0.053857880,-0.013246492,-0.998460745,0.000000000,0.303543355,-0.029907517,0.349093902,1.000000000,0.046911025,0.252909156,-0.880665467,-0.042800609,0.085951662,0.118846761
1774903011.000000000,970536947.000000000,0.983133322,-0.170622881,0.065707308,0.000000000,-0.171256484,-0.985208210,0.004092275,0.000000000,0.064038376,-0.015276348,-0.997830506,0.000000000,0.306172153,-0.030374940,0.350879679,1.000000000,0.983708337,-0.170988824,0.055330615,0.000000000,-0.171458565,-0.985174148,0.003821590,0.000000000,0.053857880,-0.013246492,-0.998460745,0.000000000,0.303543355,-0.029907517,0.349093902,1.000000000,0.400657107,0.304508153,-1.039862311,-0.040001394,0.015108183,0.118400600
1774903012.000000000,4796743.000000000,0.982889743,-0.170561744,0.069405988,0.000000000,-0.171252333,-0.985208981,0.004080342,0.000000000,0.067684756,-0.015896770,-0.997580105,0.000000000,0.307220820,-0.030584575,0.351485207,1.000000000,0.983708337,-0.170988824,0.055330615,0.000000000,-0.171458565,-0.985174148,0.003821590,0.000000000,0.053857880,-0.013246492,-0.998460745,0.000000000,0.303543355,-0.029907517,0.349093902,1.000000000,0.573836005,0.283617748,-1.158113137,-0.046410828,-0.028158227,0.115127536
1774903012.000000000,38859605.000000000,0.982593229,-0.170527864,0.073563170,0.000000000,-0.171284129,-0.985203577,0.004050458,0.000000000,0.071785364,-0.016580476,-0.997282282,0.000000000,0.308541953,-0.030862882,0.352200757,1.000000000,0.983708337,-0.170988824,0.055330615,0.000000000,-0.171458565,-0.985174148,0.003821590,0.000000000,0.053857880,-0.013246492,-0.998460745,0.000000000,0.303543355,-0.029907517,0.349093902,1.000000000,0.573836005,0.283617748,-1.158113137,-0.046410828,-0.028158227,0.115127536
1774903012.000000000,72897911.000000000,0.982214481,-0.170473733,0.078575864,0.000000000,-0.171315276,-0.985198179,0.004046196,0.000000000,0.076724505,-0.017435813,-0.996899866,0.000000000,0.310248125,-0.031236379,0.352958798,1.000000000,0.983708337,-0.170988824,0.055330615,0.000000000,-0.171458565,-0.985174148,0.003821590,0.000000000,0.053857880,-0.013246492,-0.998460745,0.000000000,0.303543355,-0.029907517,0.349093902,1.000000000,0.881433355,0.298601667,-1.225959543,-0.058568678,-0.101870164,0.094695011
1774903012.000000000,107069730.000000000,0.981817257,-0.170300622,0.083745564,0.000000000,-0.171234835,-0.985212152,0.004048853,0.000000000,0.081819201,-0.018315744,-0.996478877,0.000000000,0.312293257,-0.031655606,0.353764870,1.000000000,0.983708337,-0.170988824,0.055330615,0.000000000,-0.171458565,-0.985174148,0.003821590,0.000000000,0.053857880,-0.013246492,-0.998460745,0.000000000,0.303543355,-0.029907517,0.349093902,1.000000000,1.166205716,0.442853259,-1.166574987,-0.050984920,-0.163791526,0.090451052
1774903012.000000000,141254425.000000000,0.981370540,-0.170039901,0.089325487,0.000000000,-0.171064982,-0.985242292,0.003891746,0.000000000,0.087347177,-0.019100075,-0.995994808,0.000000000,0.314818780,-0.032119737,0.354730467,1.000000000,0.983708337,-0.170988824,0.055330615,0.000000000,-0.171458565,-0.985174148,0.003821590,0.000000000,0.053857880,-0.013246492,-0.998460745,0.000000000,0.303543355,-0.029907517,0.349093902,1.000000000,2.031127654,0.547324980,-1.017573494,-0.041367162,-0.334699116,0.088236686
1774903012.000000000,175194263.000000000,0.980902213,-0.169704338,0.094931725,0.000000000,-0.170816479,-0.985286316,0.003654213,0.000000000,0.092916583,-0.019800710,-0.995476991,0.000000000,0.317850786,-0.032665795,0.355739552,1.000000000,0.983708337,-0.170988824,0.055330615,0.000000000,-0.171458565,-0.985174148,0.003821590,0.000000000,0.053857880,-0.013246492,-0.998460745,0.000000000,0.303543355,-0.029907517,0.349093902,1.000000000,0.917663910,0.586298374,-1.484719219,-0.091233711,-0.129117554,0.112818385
1774903012.000000000,209682464.000000000,0.980390827,-0.169474444,0.100463858,0.000000000,-0.170653679,-0.985316109,0.003199173,0.000000000,0.098448375,-0.020281357,-0.994935467,0.000000000,0.321476809,-0.033344627,0.356648673,1.000000000,0.983708337,-0.170988824,0.055330615,0.000000000,-0.171458565,-0.985174148,0.003821590,0.000000000,0.053857880,-0.013246492,-0.998460745,0.000000000,0.303543355,-0.029907517,0.349093902,1.000000000,0.444269517,0.419490616,-1.631859715,-0.144553661,-0.051789324,0.119834822
1774903012.000000000,243240356.000000000,0.979846587,-0.169285738,0.105942205,0.000000000,-0.170509802,-0.985342940,0.002538563,0.000000000,0.103961663,-0.020551983,-0.994368940,0.000000000,0.325669781,-0.034115250,0.357806423,1.000000000,0.983708337,-0.170988824,0.055330615,0.000000000,-0.171458565,-0.985174148,0.003821590,0.000000000,0.053857880,-0.013246492,-0.998460745,0.000000000,0.303543355,-0.029907517,0.349093902,1.000000000,0.444269517,0.419490616,-1.631859715,-0.144553661,-0.051789324,0.119834822
1774903012.000000000,276997566.000000000,0.979376531,-0.169148729,0.110413154,0.000000000,-0.170354445,-0.985371925,0.001510118,0.000000000,0.108544677,-0.020288737,-0.993884510,0.000000000,0.330475050,-0.035019662,0.358528356,1.000000000,0.983708337,-0.170988824,0.055330615,0.000000000,-0.171458565,-0.985174148,0.003821590,0.000000000,0.053857880,-0.013246492,-0.998460745,0.000000000,0.303543355,-0.029907517,0.349093902,1.000000000,2.620782683,0.770906976,-0.245040332,-0.088078240,-0.438634648,0.102827118
1774903012.000000000,311150312.000000000,0.978873829,-0.168725516,0.115405696,0.000000000,-0.169890891,-0.985453074,0.000265748,0.000000000,0.113684248,-0.019866892,-0.993318276,0.000000000,0.336086561,-0.035991623,0.359335396,1.000000000,0.983708337,-0.170988824,0.055330615,0.000000000,-0.171458565,-0.985174148,0.003821590,0.000000000,0.053857880,-0.013246492,-0.998460745,0.000000000,0.303543355,-0.029907517,0.349093902,1.000000000,0.049615808,0.478535139,-2.473988053,-0.185460030,0.001862403,0.118476850
1774903012.000000000,345254898.000000000,0.978512089,-0.168091004,0.119332532,0.000000000,-0.169157733,-0.985578486,-0.001206631,0.000000000,0.117816668,-0.019005684,-0.992853472,0.000000000,0.342360220,-0.037023998,0.359874020,1.000000000,0.983708337,-0.170988824,0.055330615,0.000000000,-0.171458565,-0.985174148,0.003821590,0.000000000,0.053857880,-0.013246492,-0.998460745,0.000000000,0.303543355,-0.029907517,0.349093902,1.000000000,2.917675759,0.705127724,0.177134056,-0.173755750,-0.486351570,0.114745744
1774903012.000000000,379326105.000000000,0.978258925,-0.167467130,0.122249679,0.000000000,-0.168383856,-0.985707563,-0.002867957,0.000000000,0.120985051,-0.017779610,-0.992495090,0.000000000,0.349326530,-0.038226106,0.359950290,1.000000000,0.983708337,-0.170988824,0.055330615,0.000000000,-0.171458565,-0.985174148,0.003821590,0.000000000,0.053857880,-0.013246492,-0.998460745,0.000000000,0.303543355,-0.029907517,0.349093902,1.000000000,2.536777868,0.622832973,-0.415682070,-0.231538310,-0.415463632,0.138388173
1774903012.000000000,413344144.000000000,0.978103411,-0.166719186,0.124495689,0.000000000,-0.167405318,-0.985865692,-0.005004298,0.000000000,0.123572720,-0.015946827,-0.992207378,0.000000000,0.357059387,-0.039487383,0.359734228,1.000000000,0.983708337,-0.170988824,0.055330615,0.000000000,-0.171458565,-0.985174148,0.003821590,0.000000000,0.053857880,-0.013246492,-0.998460745,0.000000000,0.303543355,-0.029907517,0.349093902,1.000000000,3.808721934,0.350549996,-0.451201555,-0.319103047,-0.659023708,0.159904327
1774903012.000000000,446498632.000000000,0.978051869,-0.165847005,0.126055777,0.000000000,-0.166223794,-0.986049018,-0.007598096,0.000000000,0.125559714,-0.013522398,-0.991993903,0.000000000,0.365554882,-0.040815916,0.359098610,1.000000000,0.983708337,-0.170988824,0.055330615,0.000000000,-0.171458565,-0.985174148,0.003821590,0.000000000,0.053857880,-0.013246492,-0.998460745,0.000000000,0.303543355,-0.029907517,0.349093902,1.000000000,3.808721934,0.350549996,-0.451201555,-0.319103047,-0.659023708,0.159904327
1774903012.000000000,481149911.000000000,0.978160039,-0.164771671,0.126625358,0.000000000,-0.164832713,-0.986260380,-0.010069057,0.000000000,0.126547105,-0.011023064,-0.991899351,0.000000000,0.374684736,-0.042337157,0.357887158,1.000000000,0.983708337,-0.170988824,0.055330615,0.000000000,-0.171458565,-0.985174148,0.003821590,0.000000000,0.053857880,-0.013246492,-0.998460745,0.000000000,0.303543355,-0.029907517,0.349093902,1.000000000,0.739809808,0.045141759,-1.703779930,-0.521720151,-0.107003413,0.235859338
1774903012.000000000,514710903.000000000,0.978365576,-0.163542232,0.126631292,0.000000000,-0.163284770,-0.986490258,-0.012482069,0.000000000,0.126964326,-0.008465097,-0.991871162,0.000000000,0.384460537,-0.043997560,0.356215573,1.000000000,0.983708337,-0.170988824,0.055330615,0.000000000,-0.171458565,-0.985174148,0.003821590,0.000000000,0.053857880,-0.013246492,-0.998460745,0.000000000,0.303543355,-0.029907517,0.349093902,1.000000000,0.739809808,0.045141759,-1.703779930,-0.521720151,-0.107003413,0.235859338
1774903012.000000000,548779964.000000000,0.978718289,-0.162361374,0.125419461,0.000000000,-0.161708291,-0.986708061,-0.015439502,0.000000000,0.126261603,-0.005170544,-0.991983504,0.000000000,0.394813938,-0.045696715,0.353806384,1.000000000,0.983708337,-0.170988824,0.055330615,0.000000000,-0.171458565,-0.985174148,0.003821590,0.000000000,0.053857880,-0.013246492,-0.998460745,0.000000000,0.303543355,-0.029907517,0.349093902,1.000000000,1.939485442,-0.128856017,-1.128302479,-0.605409298,-0.341046281,0.270346932
1774903012.000000000,583299636.000000000,0.979122623,-0.161022849,0.123980955,0.000000000,-0.160019296,-0.986938604,-0.018076597,0.000000000,0.125274748,-0.002140181,-0.992119780,0.000000000,0.405736884,-0.047629132,0.350916543,1.000000000,0.983708337,-0.170988824,0.055330615,0.000000000,-0.171458565,-0.985174148,0.003821590,0.000000000,0.053857880,-0.013246492,-0.998460745,0.000000000,0.303543355,-0.029907517,0.349093902,1.000000000,1.832289558,-0.044490287,-0.734447213,-0.662904014,-0.314772401,0.322177005
1774903012.000000000,617015123.000000000,0.979616846,-0.159772423,0.121673147,0.000000000,-0.158415456,-0.987143499,-0.020808693,0.000000000,0.123435888,0.001109660,-0.992351929,0.000000000,0.417070843,-0.049660979,0.347367807,1.000000000,0.983708337,-0.170988824,0.055330615,0.000000000,-0.171458565,-0.985174148,0.003821590,0.000000000,0.053857880,-0.013246492,-0.998460745,0.000000000,0.303543355,-0.029907517,0.349093902,1.000000000,1.304691336,-0.421366389,-1.563001719,-0.761145862,-0.230815441,0.358060062
1774903012.000000000,651095628.000000000,0.980110835,-0.158673983,0.119105267,0.000000000,-0.157022894,-0.987313104,-0.023181705,0.000000000,0.121274859,0.004018464,-0.992610830,0.000000000,0.428823744,-0.051894819,0.343155171,1.000000000,0.983708337,-0.170988824,0.055330615,0.000000000,-0.171458565,-0.985174148,0.003821590,0.000000000,0.053857880,-0.013246492,-0.998460745,0.000000000,0.303543355,-0.029907517,0.349093902,1.000000000,1.092598091,-0.445485858,-2.425698524,-0.804656940,-0.206505367,0.400582616
1774903012.000000000,685210466.000000000,0.980629129,-0.157906677,0.115813384,0.000000000,-0.156038323,-0.987422729,-0.025082742,0.000000000,0.118319778,0.006525667,-0.992954101,0.000000000,0.440724331,-0.054305203,0.338280041,1.000000000,0.983708337,-0.170988824,0.055330615,0.000000000,-0.171458565,-0.985174148,0.003821590,0.000000000,0.053857880,-0.013246492,-0.998460745,0.000000000,0.303543355,-0.029907517,0.349093902,1.000000000,1.092598091,-0.445485858,-2.425698524,-0.804656940,-0.206505367,0.400582616
1774903012.000000000,718695402.000000000,0.981224293,-0.157064136,0.111850308,0.000000000,-0.155016385,-0.987537761,-0.026829810,0.000000000,0.114672612,0.008987604,-0.993362681,0.000000000,0.452639717,-0.056762974,0.332624290,1.000000000,0.983708337,-0.170988824,0.055330615,0.000000000,-0.171458565,-0.985174148,0.003821590,0.000000000,0.053857880,-0.013246492,-0.998460745,0.000000000,0.303543355,-0.029907517,0.349093902,1.000000000,2.011410303,-0.628936722,-0.294350571,-0.876494112,-0.337964201,0.434512179
1774903012.000000000,753522396.000000000,0.981687875,-0.156708992,0.108221788,0.000000000,-0.154475735,-0.987567793,-0.028772366,0.000000000,0.111387385,0.011528065,-0.993710196,0.000000000,0.464668587,-0.059305877,0.326397060,1.000000000,0.983708337,-0.170988824,0.055330615,0.000000000,-0.171458565,-0.985174148,0.003821590,0.000000000,0.053857880,-0.013246492,-0.998460745,0.000000000,0.303543355,-0.029907517,0.349093902,1.000000000,2.495610485,-0.866925192,-0.799019931,-0.940581577,-0.407092804,0.486386949
1774903012.000000000,786676645.000000000,0.982200699,-0.156170058,0.104275823,0.000000000,-0.153807134,-0.987624023,-0.030379298,0.000000000,0.107731719,0.013800468,-0.994084214,0.000000000,0.476518061,-0.061888243,0.319493534,1.000000000,0.983708337,-0.170988824,0.055330615,0.000000000,-0.171458565,-0.985174148,0.003821590,0.000000000,0.053857880,-0.013246492,-0.998460745,0.000000000,0.303543355,-0.029907517,0.349093902,1.000000000,3.168342376,-0.713008803,0.160961425,-1.018298736,-0.487065947,0.554286176
1774903012.000000000,820829868.000000000,0.982654756,-0.155538562,0.100886736,0.000000000,-0.153078766,-0.987694742,-0.031729078,0.000000000,0.104582408,0.015735415,-0.994391732,0.000000000,0.488259313,-0.064497486,0.312080262,1.000000000,0.983708337,-0.170988824,0.055330615,0.000000000,-0.171458565,-0.985174148,0.003821590,0.000000000,0.053857880,-0.013246492,-0.998460745,0.000000000,0.303543355,-0.029907517,0.349093902,1.000000000,2.627165146,-0.832640382,-0.220727368,-1.069870983,-0.406246818,0.573603039
1774903012.000000000,855185270.000000000,0.983132739,-0.154852941,0.097217958,0.000000000,-0.152383585,-0.987781240,-0.032376105,0.000000000,0.101045556,0.017015916,-0.994736274,0.000000000,0.499561217,-0.067168292,0.304184992,1.000000000,0.983708337,-0.170988824,0.055330615,0.000000000,-0.171458565,-0.985174148,0.003821590,0.000000000,0.053857880,-0.013246492,-0.998460745,0.000000000,0.303543355,-0.029907517,0.349093902,1.000000000,2.627165146,-0.832640382,-0.220727368,-1.069870983,-0.406246818,0.573603039
1774903012.000000000,889014720.000000000,0.983404463,-0.155107186,0.094011543,0.000000000,-0.152642863,-0.987723754,-0.032904248,0.000000000,0.097963005,0.018008340,-0.995027110,0.000000000,0.510540098,-0.069819863,0.296015417,1.000000000,0.983708337,-0.170988824,0.055330615,0.000000000,-0.171458565,-0.985174148,0.003821590,0.000000000,0.053857880,-0.013246492,-0.998460745,0.000000000,0.303543355,-0.029907517,0.349093902,1.000000000,3.335422545,-0.625010408,-0.416726633,-1.050020392,-0.535259970,0.577419525
1774903012.000000000,922998189.000000000,0.983671566,-0.155438323,0.090608635,0.000000000,-0.153002864,-0.987655643,-0.033274634,0.000000000,0.094664105,0.018868294,-0.995330445,0.000000000,0.521051434,-0.072431644,0.287556979,1.000000000,0.983708337,-0.170988824,0.055330615,0.000000000,-0.171458565,-0.985174148,0.003821590,0.000000000,0.053857880,-0.013246492,-0.998460745,0.000000000,0.303543355,-0.029907517,0.349093902,1.000000000,2.288074843,-0.891920615,-0.320835201,-1.108775603,-0.314921496,0.567687924
1774903012.000000000,956682682.000000000,0.984030926,-0.155164088,0.087109070,0.000000000,-0.152757530,-0.987679701,-0.033685195,0.000000000,0.091264350,0.019841089,-0.995629022,0.000000000,0.531025117,-0.075000911,0.278705795,1.000000000,0.983708337,-0.170988824,0.055330615,0.000000000,-0.171458565,-0.985174148,0.003821590,0.000000000,0.053857880,-0.013246492,-0.998460745,0.000000000,0.303543355,-0.029907517,0.349093902,1.000000000,1.803896174,-0.888328360,-0.863089122,-1.130384009,-0.251594221,0.572063662
1774903012.000000000,991415739.000000000,0.984309466,-0.154814038,0.084547240,0.000000000,-0.152439587,-0.987721752,-0.033891874,0.000000000,0.088757795,0.020472140,-0.995842832,0.000000000,0.540592202,-0.077633590,0.270015777,1.000000000,0.983708337,-0.170988824,0.055330615,0.000000000,-0.171458565,-0.985174148,0.003821590,0.000000000,0.053857880,-0.013246492,-0.998460745,0.000000000,0.303543355,-0.029907517,0.349093902,1.000000000,1.900764120,-0.806872336,2.165757126,-1.176271001,-0.179118672,0.592736004
1774903013.000000000,24937391.000000000,0.984562163,-0.154999597,0.081198635,0.000000000,-0.152637944,-0.987667817,-0.034564249,0.000000000,0.085556371,0.021637075,-0.996098361,0.000000000,0.549423105,-0.080195092,0.261049369,1.000000000,0.983708337,-0.170988824,0.055330615,0.000000000,-0.171458565,-0.985174148,0.003821590,0.000000000,0.053857880,-0.013246492,-0.998460745,0.000000000,0.303543355,-0.029907517,0.349093902,1.000000000,2.350326256,-0.972143899,-1.258498854,-1.162050977,-0.343059048,0.590263013
1774903013.000000000,61915159.000000000,0.984692124,-0.155220136,0.079176248,0.000000000,-0.152856999,-0.987614384,-0.035118555,0.000000000,0.083648318,0.022478754,-0.996241770,0.000000000,0.557776881,-0.082761041,0.252268336,1.000000000,0.983708337,-0.170988824,0.055330615,0.000000000,-0.171458565,-0.985174148,0.003821590,0.000000000,0.053857880,-0.013246492,-0.998460745,0.000000000,0.303543355,-0.029907517,0.349093902,1.000000000,2.402750007,-0.788875111,2.028643486,-1.192222373,-0.252839981,0.598388279
1774903013.000000000,94415664.000000000,0.984886859,-0.155272140,0.076610597,0.000000000,-0.152918084,-0.987583076,-0.035727779,0.000000000,0.081208421,0.023473126,-0.996420697,0.000000000,0.565327429,-0.085188627,0.243280903,1.000000000,0.983708337,-0.170988824,0.055330615,0.000000000,-0.171458565,-0.985174148,0.003821590,0.000000000,0.053857880,-0.013246492,-0.998460745,0.000000000,0.303543355,-0.029907517,0.349093902,1.000000000,3.298562520,-0.931570581,-1.043506229,-1.192723239,-0.503967987,0.598183754
1774903013.000000000,127231121.000000000,0.985067931,-0.155014518,0.074782463,0.000000000,-0.152671449,-0.987606727,-0.036126549,0.000000000,0.079457333,0.024170423,-0.996545194,0.000000000,0.572386477,-0.087606692,0.234759255,1.000000000,0.983708337,-0.170988824,0.055330615,0.000000000,-0.171458565,-0.985174148,0.003821590,0.000000000,0.053857880,-0.013246492,-0.998460745,0.000000000,0.303543355,-0.029907517,0.349093902,1.000000000,3.298562520,-0.931570581,-1.043506229,-1.192723239,-0.503967987,0.598183754
1774903013.000000000,160581111.000000000,0.985192120,-0.154939120,0.073287808,0.000000000,-0.152601606,-0.987603062,-0.036519713,0.000000000,0.078039098,0.024795573,-0.996641901,0.000000000,0.578860992,-0.089912850,0.226536571,1.000000000,0.983708337,-0.170988824,0.055330615,0.000000000,-0.171458565,-0.985174148,0.003821590,0.000000000,0.053857880,-0.013246492,-0.998460745,0.000000000,0.303543355,-0.029907517,0.349093902,1.000000000,1.653251928,-1.015739229,-0.445267083,-1.257868638,-0.181606483,0.617067546
1774903013.000000000,194871187.000000000,0.985333864,-0.154707592,0.071857385,0.000000000,-0.152355938,-0.987617020,-0.037162308,0.000000000,0.076718345,0.025669876,-0.996722305,0.000000000,0.584739813,-0.092053753,0.218602397,1.000000000,0.983708337,-0.170988824,0.055330615,0.000000000,-0.171458565,-0.985174148,0.003821590,0.000000000,0.053857880,-0.013246492,-0.998460745,0.000000000,0.303543355,-0.029907517,0.349093902,1.000000000,2.946600309,-0.909802528,1.072014771,-1.247961494,-0.351976264,0.618399897
1774903013.000000000,228712558.000000000,0.985448679,-0.154776841,0.070112606,0.000000000,-0.152416785,-0.987580474,-0.037877150,0.000000000,0.075105793,0.026640162,-0.996819654,0.000000000,0.589959238,-0.094075113,0.210963595,1.000000000,0.983708337,-0.170988824,0.055330615,0.000000000,-0.171458565,-0.985174148,0.003821590,0.000000000,0.053857880,-0.013246492,-0.998460745,0.000000000,0.303543355,-0.029907517,0.349093902,1.000000000,2.981136088,-0.954614004,0.849977934,-1.260578647,-0.364573293,0.617225716
1774903013.000000000,263763904.000000000,0.985560757,-0.154839461,0.068377508,0.000000000,-0.152489690,-0.987550068,-0.038373224,0.000000000,0.073469316,0.027392806,-0.996921207,0.000000000,0.594639292,-0.096003717,0.203953784,1.000000000,0.983708337,-0.170988824,0.055330615,0.000000000,-0.171458565,-0.985174148,0.003821590,0.000000000,0.053857880,-0.013246492,-0.998460745,0.000000000,0.303543355,-0.029907517,0.349093902,1.000000000,2.753098978,-0.883037709,1.151624455,-1.276461038,-0.302538422,0.622925975
1774903013.000000000,297462224.000000000,0.985577498,-0.155098433,0.067544202,0.000000000,-0.152736427,-0.987492769,-0.038863364,0.000000000,0.072728458,0.027986936,-0.996959028,0.000000000,0.598947138,-0.097876117,0.197580756,1.000000000,0.983708337,-0.170988824,0.055330615,0.000000000,-0.171458565,-0.985174148,0.003821590,0.000000000,0.053857880,-0.013246492,-0.998460745,0.000000000,0.303543355,-0.029907517,0.349093902,1.000000000,2.753098978,-0.883037709,1.151624455,-1.276461038,-0.302538422,0.622925975
1774903013.000000000,331400394.000000000,0.985677872,-0.155257171,0.065689353,0.000000000,-0.152911780,-0.987445530,-0.039370789,0.000000000,0.070978622,0.028762793,-0.997063056,0.000000000,0.602427528,-0.099578344,0.191519497,1.000000000,0.983708337,-0.170988824,0.055330615,0.000000000,-0.171458565,-0.985174148,0.003821590,0.000000000,0.053857880,-0.013246492,-0.998460745,0.000000000,0.303543355,-0.029907517,0.349093902,1.000000000,3.300617195,-1.193885141,0.503927252,-1.302727368,-0.397680592,0.608237583
1774903013.000000000,365479230.000000000,0.985785150,-0.155076139,0.064496318,0.000000000,-0.152764668,-0.987468097,-0.039375882,0.000000000,0.069795660,0.028963959,-0.997140740,0.000000000,0.605545585,-0.101217078,0.186191686,1.000000000,0.983708337,-0.170988824,0.055330615,0.000000000,-0.171458565,-0.985174148,0.003821590,0.000000000,0.053857880,-0.013246492,-0.998460745,0.000000000,0.303543355,-0.029907517,0.349093902,1.000000000,1.635730002,-1.315278608,-1.317997040,-1.372627680,-0.179481147,0.620819260
1774903013.000000000,399514675.000000000,0.985813325,-0.155194437,0.063777131,0.000000000,-0.152906195,-0.987447383,-0.039346011,0.000000000,0.069084173,0.029036462,-0.997188177,0.000000000,0.608273248,-0.102724773,0.181733689,1.000000000,0.983708337,-0.170988824,0.055330615,0.000000000,-0.171458565,-0.985174148,0.003821590,0.000000000,0.053857880,-0.013246492,-0.998460745,0.000000000,0.303543355,-0.029907517,0.349093902,1.000000000,1.635730002,-1.315278608,-1.317997040,-1.372627680,-0.179481147,0.620819260
1774903013.000000000,433006525.000000000,0.985871615,-0.155279711,0.062658729,0.000000000,-0.153042046,-0.987436668,-0.039085881,0.000000000,0.067942079,0.028944798,-0.997269308,0.000000000,0.610390131,-0.104164790,0.177388915,1.000000000,0.983708337,-0.170988824,0.055330615,0.000000000,-0.171458565,-0.985174148,0.003821590,0.000000000,0.053857880,-0.013246492,-0.998460745,0.000000000,0.303543355,-0.029907517,0.349093902,1.000000000,2.181614310,-0.762730072,-0.886977589,-1.212002304,-0.259842036,0.593904720
1774903013.000000000,467175722.000000000,0.985856496,-0.155809798,0.061571284,0.000000000,-0.153607035,-0.987350351,-0.039050102,0.000000000,0.066878105,0.029040573,-0.997338440,0.000000000,0.612172604,-0.105477947,0.174139700,1.000000000,0.983708337,-0.170988824,0.055330615,0.000000000,-0.171458565,-0.985174148,0.003821590,0.000000000,0.053857880,-0.013246492,-0.998460745,0.000000000,0.303543355,-0.029907517,0.349093902,1.000000000,2.181614310,-0.762730072,-0.886977589,-1.212002304,-0.259842036,0.593904720
1774903013.000000000,500828981.000000000,0.985826747,-0.156400025,0.060542578,0.000000000,-0.154230564,-0.987254561,-0.039014255,0.000000000,0.065874035,0.029124341,-0.997402819,0.000000000,0.613530222,-0.106679761,0.170959705,1.000000000,0.983708337,-0.170988824,0.055330615,0.000000000,-0.171458565,-0.985174148,0.003821590,0.000000000,0.053857880,-0.013246492,-0.998460745,0.000000000,0.303543355,-0.029907517,0.349093902,1.000000000,2.174783314,-1.056522191,1.422955914,-1.278805675,-0.182483800,0.590348296
1774903013.000000000,534867763.000000000,0.985826584,-0.156797371,0.059508634,0.000000000,-0.154690136,-0.987201609,-0.038531706,0.000000000,0.064789937,0.028780735,-0.997483801,0.000000000,0.614501183,-0.107821536,0.168563475,1.000000000,0.983708337,-0.170988824,0.055330615,0.000000000,-0.171458565,-0.985174148,0.003821590,0.000000000,0.053857880,-0.013246492,-0.998460745,0.000000000,0.303543355,-0.029907517,0.349093902,1.000000000,2.075911678,-0.871970777,0.321316668,-1.234339443,-0.202220808,0.549973716
1774903013.000000000,568822383.000000000,0.985792907,-0.157397344,0.058473641,0.000000000,-0.155359034,-0.987119685,-0.037934743,0.000000000,0.063692536,0.028311937,-0.997567890,0.000000000,0.615086517,-0.108949494,0.166622051,1.000000000,0.983708337,-0.170988824,0.055330615,0.000000000,-0.171458565,-0.985174148,0.003821590,0.000000000,0.053857880,-0.013246492,-0.998460745,0.000000000,0.303543355,-0.029907517,0.349093902,1.000000000,2.075911678,-0.871970777,0.321316668,-1.234339443,-0.202220808,0.549973716
1774903013.000000000,603088617.000000000,0.985692915,-0.158385643,0.057482273,0.000000000,-0.156405744,-0.986971940,-0.037475055,0.000000000,0.062670108,0.027948877,-0.997642881,0.000000000,0.615377616,-0.110034868,0.164925039,1.000000000,0.983708337,-0.170988824,0.055330615,0.000000000,-0.171458565,-0.985174148,0.003821590,0.000000000,0.053857880,-0.013246492,-0.998460745,0.000000000,0.303543355,-0.029907517,0.349093902,1.000000000,2.071941418,-1.107081847,0.476115066,-1.264319738,-0.206523959,0.536574278
1774903013.000000000,636958837.000000000,0.985551443,-0.159547274,0.056690092,0.000000000,-0.157631162,-0.986801293,-0.036828961,0.000000000,0.061819007,0.027361237,-0.997712270,0.000000000,0.615361911,-0.111168201,0.163540975,1.000000000,0.983708337,-0.170988824,0.055330615,0.000000000,-0.171458565,-0.985174148,0.003821590,0.000000000,0.053857880,-0.013246492,-0.998460745,0.000000000,0.303543355,-0.029907517,0.349093902,1.000000000,1.716652051,-0.803552221,-0.419488879,-1.184080848,-0.176407836,0.498300247
1774903013.000000000,671154975.000000000,0.985384922,-0.160693144,0.056347276,0.000000000,-0.158840173,-0.986638735,-0.035979889,0.000000000,0.061377308,0.026504339,-0.997762670,0.000000000,0.615185565,-0.112304092,0.162582484,1.000000000,0.983708337,-0.170988824,0.055330615,0.000000000,-0.171458565,-0.985174148,0.003821590,0.000000000,0.053857880,-0.013246492,-0.998460745,0.000000000,0.303543355,-0.029907517,0.349093902,1.000000000,1.860815103,-0.687455114,-0.381613253,-1.066497554,-0.194400390,0.389675235
1774903013.000000000,705441236.000000000,0.985266911,-0.161645663,0.055682498,0.000000000,-0.159884703,-0.986513150,-0.034776905,0.000000000,0.060554218,0.025362242,-0.997842645,0.000000000,0.614850892,-0.113486752,0.161959539,1.000000000,0.983708337,-0.170988824,0.055330615,0.000000000,-0.171458565,-0.985174148,0.003821590,0.000000000,0.053857880,-0.013246492,-0.998460745,0.000000000,0.303543355,-0.029907517,0.349093902,1.000000000,1.462244063,-0.653238196,-0.164943623,-1.049586244,-0.116753786,0.363162961
1774903013.000000000,739016294.000000000,0.985204761,-0.162255956,0.055002998,0.000000000,-0.160608410,-0.986450418,-0.033185196,0.000000000,0.059643374,0.023860729,-0.997934534,0.000000000,0.614472939,-0.114711964,0.161533374,1.000000000,0.983708337,-0.170988824,0.055330615,0.000000000,-0.171458565,-0.985174148,0.003821590,0.000000000,0.053857880,-0.013246492,-0.998460745,0.000000000,0.303543355,-0.029907517,0.349093902,1.000000000,1.176667124,-0.617909764,-0.365046658,-1.015355494,-0.096456075,0.336800119
1774903013.000000000,772819995.000000000,0.985147359,-0.162776752,0.054489972,0.000000000,-0.161249204,-0.986405131,-0.031374501,0.000000000,0.058857360,0.022122468,-0.998021246,0.000000000,0.614090875,-0.116008419,0.161232904,1.000000000,0.983708337,-0.170988824,0.055330615,0.000000000,-0.171458565,-0.985174148,0.003821590,0.000000000,0.053857880,-0.013246492,-0.998460745,0.000000000,0.303543355,-0.029907517,0.349093902,1.000000000,1.176667124,-0.617909764,-0.365046658,-1.015355494,-0.096456075,0.336800119
1774903013.000000000,806554317.000000000,0.985021738,-0.163676136,0.054065199,0.000000000,-0.162246940,-0.986288144,-0.029872643,0.000000000,0.058214424,0.020653687,-0.998090430,0.000000000,0.613703800,-0.117303194,0.161013283,1.000000000,0.983708337,-0.170988824,0.055330615,0.000000000,-0.171458565,-0.985174148,0.003821590,0.000000000,0.053857880,-0.013246492,-0.998460745,0.000000000,0.303543355,-0.029907517,0.349093902,1.000000000,1.086717397,-0.538126352,-0.606750645,-0.988788539,-0.109508494,0.325954230
