ros_time_sec,ros_time_nsec,O_T_EE_0,O_T_EE_1,O_T_EE_2,O_T_EE_3,O_T_EE_4,O_T_EE_5,O_T_EE_6,O_T_EE_7,O_T_EE_8,O_T_EE_9,O_T_EE_10,O_T_EE_11,O_T_EE_12,O_T_EE_13,O_T_EE_14,O_T_EE_15,O_T_EE_d_0,O_T_EE_d_1,O_T_EE_d_2,O_T_EE_d_3,O_T_EE_d_4,O_T_EE_d_5,O_T_EE_d_6,O_T_EE_d_7,O_T_EE_d_8,O_T_EE_d_9,O_T_EE_d_10,O_T_EE_d_11,O_T_EE_d_12,O_T_EE_d_13,O_T_EE_d_14,O_T_EE_d_15,F_ext_x,F_ext_y,F_ext_z,F_ext_wx,F_ext_wy,F_ext_wz
1774925621.000000000,715127706.000000000,0.967156486,-0.244859586,0.068065132,0.000000000,-0.246657744,-0.968901022,0.019274691,0.000000000,0.061229962,-0.035431116,-0.997494625,0.000000000,0.312472471,0.022605992,0.275733283,1.000000000,0.966917701,-0.245062069,0.070678771,0.000000000,-0.246954866,-0.968825219,0.019280447,0.000000000,0.063751697,-0.036097767,-0.997312725,0.000000000,0.312481221,0.022664886,0.276659166,1.000000000,-1.264419569,0.054786558,-0.862286758,0.039249435,0.196193221,0.063843353
1774925621.000000000,749106884.000000000,0.967156161,-0.244860394,0.068066836,0.000000000,-0.246658862,-0.968900657,0.019278721,0.000000000,0.061230586,-0.035435504,-0.997494431,0.000000000,0.312472456,0.022605067,0.275732653,1.000000000,0.966917701,-0.245062069,0.070678771,0.000000000,-0.246954866,-0.968825219,0.019280447,0.000000000,0.063751697,-0.036097767,-0.997312725,0.000000000,0.312481221,0.022664886,0.276659166,1.000000000,-1.264419569,0.054786558,-0.862286758,0.039249435,0.196193221,0.063843353
1774925621.000000000,783014774.000000000,0.967156399,-0.244859562,0.068066449,0.000000000,-0.246658036,-0.968900861,0.019279062,0.000000000,0.061230157,-0.035435687,-0.997494451,0.000000000,0.312472877,0.022606005,0.275732625,1.000000000,0.966917701,-0.245062069,0.070678771,0.000000000,-0.246954866,-0.968825219,0.019280447,0.000000000,0.063751697,-0.036097767,-0.997312725,0.000000000,0.312481221,0.022664886,0.276659166,1.000000000,-1.275868161,0.074116285,-0.866888826,0.039942995,0.197791887,0.062549900
1774925621.000000000,816740274.000000000,0.967157528,-0.244856228,0.068062401,0.000000000,-0.246654538,-0.968901756,0.019278832,0.000000000,0.061226416,-0.035434250,-0.997494732,0.000000000,0.312471760,0.022605210,0.275731021,1.000000000,0.966917701,-0.245062069,0.070678771,0.000000000,-0.246954866,-0.968825219,0.019280447,0.000000000,0.063751697,-0.036097767,-0.997312725,0.000000000,0.312481221,0.022664886,0.276659166,1.000000000,-1.245346326,0.072876707,-0.862365292,0.040437635,0.192404356,0.062342452
1774925621.000000000,851033926.000000000,0.967157150,-0.244856831,0.068065600,0.000000000,-0.246655239,-0.968901583,0.019278568,0.000000000,0.061229557,-0.035434824,-0.997494519,0.000000000,0.312472345,0.022606210,0.275732170,1.000000000,0.966917701,-0.245062069,0.070678771,0.000000000,-0.246954866,-0.968825219,0.019280447,0.000000000,0.063751697,-0.036097767,-0.997312725,0.000000000,0.312481221,0.022664886,0.276659166,1.000000000,-1.257432111,0.065462879,-0.866379362,0.036972195,0.194704449,0.063272026
1774925621.000000000,885455131.000000000,0.967156471,-0.244859206,0.068066705,0.000000000,-0.246657743,-0.968900918,0.019279950,0.000000000,0.061230198,-0.035436590,-0.997494416,0.000000000,0.312472677,0.022605553,0.275732130,1.000000000,0.966917701,-0.245062069,0.070678771,0.000000000,-0.246954866,-0.968825219,0.019280447,0.000000000,0.063751697,-0.036097767,-0.997312725,0.000000000,0.312481221,0.022664886,0.276659166,1.000000000,-1.296013441,0.080859023,-0.878432907,0.041407524,0.202031597,0.061127354
1774925621.000000000,919299364.000000000,0.967157120,-0.244854823,0.068073254,0.000000000,-0.246653435,-0.968902063,0.019277502,0.000000000,0.061237306,-0.035435557,-0.997494017,0.000000000,0.312474770,0.022605480,0.275735048,1.000000000,0.966917701,-0.245062069,0.070678771,0.000000000,-0.246954866,-0.968825219,0.019280447,0.000000000,0.063751697,-0.036097767,-0.997312725,0.000000000,0.312481221,0.022664886,0.276659166,1.000000000,-1.296013441,0.080859023,-0.878432907,0.041407524,0.202031597,0.061127354
1774925621.000000000,952959775.000000000,0.967157154,-0.244852831,0.068079936,0.000000000,-0.246651783,-0.968902449,0.019279228,0.000000000,0.061243423,-0.035438763,-0.997493527,0.000000000,0.312475740,0.022604404,0.275734624,1.000000000,0.966917701,-0.245062069,0.070678771,0.000000000,-0.246954866,-0.968825219,0.019280447,0.000000000,0.063751697,-0.036097767,-0.997312725,0.000000000,0.312481221,0.022664886,0.276659166,1.000000000,-1.286758628,0.070264961,-0.872387950,0.039569954,0.202956821,0.062768725
1774925621.000000000,989337205.000000000,0.967156257,-0.244852788,0.068092836,0.000000000,-0.246652444,-0.968902202,0.019283213,0.000000000,0.061254930,-0.035445827,-0.997492570,0.000000000,0.312478173,0.022604219,0.275736414,1.000000000,0.966917701,-0.245062069,0.070678771,0.000000000,-0.246954866,-0.968825219,0.019280447,0.000000000,0.063751697,-0.036097767,-0.997312725,0.000000000,0.312481221,0.022664886,0.276659166,1.000000000,-1.262994014,0.065813353,-0.869306271,0.034747589,0.200894588,0.064839777
1774925622.000000000,23434638.000000000,0.967155098,-0.244849710,0.068120359,0.000000000,-0.246650263,-0.968902782,0.019281948,0.000000000,0.061282006,-0.035451221,-0.997490715,0.000000000,0.312483569,0.022602075,0.275739839,1.000000000,0.966917701,-0.245062069,0.070678771,0.000000000,-0.246954866,-0.968825219,0.019280447,0.000000000,0.063751697,-0.036097767,-0.997312725,0.000000000,0.312481221,0.022664886,0.276659166,1.000000000,-1.233334181,0.064957004,-0.865571721,0.031045714,0.197292760,0.067078444
1774925622.000000000,56982994.000000000,0.967151067,-0.244843767,0.068198905,0.000000000,-0.246647326,-0.968903458,0.019285527,0.000000000,0.061357395,-0.035473778,-0.997485279,0.000000000,0.312498545,0.022598748,0.275747744,1.000000000,0.966917701,-0.245062069,0.070678771,0.000000000,-0.246954866,-0.968825219,0.019280447,0.000000000,0.063751697,-0.036097767,-0.997312725,0.000000000,0.312481221,0.022664886,0.276659166,1.000000000,-1.233334181,0.064957004,-0.865571721,0.031045714,0.197292760,0.067078444
1774925622.000000000,91456651.000000000,0.967141587,-0.244847916,0.068318340,0.000000000,-0.246655288,-0.968901578,0.019278196,0.000000000,0.061474704,-0.035496509,-0.997477247,0.000000000,0.312523468,0.022592256,0.275760875,1.000000000,0.966917701,-0.245062069,0.070678771,0.000000000,-0.246954866,-0.968825219,0.019280447,0.000000000,0.063751697,-0.036097767,-0.997312725,0.000000000,0.312481221,0.022664886,0.276659166,1.000000000,-1.136749810,0.065097517,-0.841405031,0.031860899,0.191541098,0.068012807
1774925622.000000000,124886751.000000000,0.967131563,-0.244831699,0.068518069,0.000000000,-0.246646182,-0.968903891,0.019278440,0.000000000,0.061668637,-0.035545192,-0.997463542,0.000000000,0.312563726,0.022585022,0.275785715,1.000000000,0.966917701,-0.245062069,0.070678771,0.000000000,-0.246954866,-0.968825219,0.019280447,0.000000000,0.063751697,-0.036097767,-0.997312725,0.000000000,0.312481221,0.022664886,0.276659166,1.000000000,-1.150463040,0.117458101,-0.771472817,0.034893135,0.203913943,0.066649747
1774925622.000000000,158847332.000000000,0.967119169,-0.244824457,0.068718598,0.000000000,-0.246645848,-0.968904054,0.019274525,0.000000000,0.061864044,-0.035590605,-0.997449823,0.000000000,0.312604418,0.022574239,0.275807816,1.000000000,0.966917701,-0.245062069,0.070678771,0.000000000,-0.246954866,-0.968825219,0.019280447,0.000000000,0.063751697,-0.036097767,-0.997312725,0.000000000,0.312481221,0.022664886,0.276659166,1.000000000,-1.150463040,0.117458101,-0.771472817,0.034893135,0.203913943,0.066649747
1774925622.000000000,192882776.000000000,0.967101246,-0.244805634,0.069037155,0.000000000,-0.246637486,-0.968906471,0.019260027,0.000000000,0.062176780,-0.035654233,-0.997428104,0.000000000,0.312672396,0.022560986,0.275853861,1.000000000,0.966917701,-0.245062069,0.070678771,0.000000000,-0.246954866,-0.968825219,0.019280447,0.000000000,0.063751697,-0.036097767,-0.997312725,0.000000000,0.312481221,0.022664886,0.276659166,1.000000000,-0.953195988,0.155940139,-0.728564378,0.032583690,0.192775539,0.067359235
1774925622.000000000,227099418.000000000,0.967063967,-0.244778114,0.069654182,0.000000000,-0.246629579,-0.968909266,0.019220609,0.000000000,0.062785007,-0.035767028,-0.997385965,0.000000000,0.312811857,0.022541571,0.275957194,1.000000000,0.966917701,-0.245062069,0.070678771,0.000000000,-0.246954866,-0.968825219,0.019280447,0.000000000,0.063751697,-0.036097767,-0.997312725,0.000000000,0.312481221,0.022664886,0.276659166,1.000000000,-0.953195988,0.155940139,-0.728564378,0.032583690,0.192775539,0.067359235
1774925622.000000000,261288166.000000000,0.967019965,-0.244756848,0.070336479,0.000000000,-0.246627843,-0.968911264,0.019142001,0.000000000,0.063465893,-0.035858321,-0.997339592,0.000000000,0.312975899,0.022521622,0.276101787,1.000000000,0.966917701,-0.245062069,0.070678771,0.000000000,-0.246954866,-0.968825219,0.019280447,0.000000000,0.063751697,-0.036097767,-0.997312725,0.000000000,0.312481221,0.022664886,0.276659166,1.000000000,-0.771584043,0.190558981,-0.625465426,0.028447912,0.193367390,0.065671033
1774925622.000000000,294438838.000000000,0.966945498,-0.244759250,0.071344664,0.000000000,-0.246661963,-0.968904023,0.019068738,0.000000000,0.064460123,-0.036037139,-0.997269380,0.000000000,0.313224758,0.022463386,0.276325126,1.000000000,0.966917701,-0.245062069,0.070678771,0.000000000,-0.246954866,-0.968825219,0.019280447,0.000000000,0.063751697,-0.036097767,-0.997312725,0.000000000,0.312481221,0.022664886,0.276659166,1.000000000,-0.771584043,0.190558981,-0.625465426,0.028447912,0.193367390,0.065671033
1774925622.000000000,328967332.000000000,0.966829875,-0.244826252,0.072669425,0.000000000,-0.246769292,-0.968879075,0.018947326,0.000000000,0.065770348,-0.036252121,-0.997176035,0.000000000,0.313567484,0.022382554,0.276655166,1.000000000,0.966917701,-0.245062069,0.070678771,0.000000000,-0.246954866,-0.968825219,0.019280447,0.000000000,0.063751697,-0.036097767,-0.997312725,0.000000000,0.312481221,0.022664886,0.276659166,1.000000000,-0.175709071,0.213886753,-0.767398992,0.003391056,0.117270716,0.060908018
1774925622.000000000,363325595.000000000,0.966650260,-0.244950164,0.074615273,0.000000000,-0.246947734,-0.968838509,0.018695098,0.000000000,0.067712086,-0.036498397,-0.997037081,0.000000000,0.314078311,0.022275238,0.277129093,1.000000000,0.966917701,-0.245062069,0.070678771,0.000000000,-0.246954866,-0.968825219,0.019280447,0.000000000,0.063751697,-0.036097767,-0.997312725,0.000000000,0.312481221,0.022664886,0.276659166,1.000000000,-0.305381508,0.226472342,-0.942454800,-0.008481048,0.148016321,0.054642129
1774925622.000000000,397156238.000000000,0.966422721,-0.245054392,0.077176525,0.000000000,-0.247129324,-0.968797022,0.018443801,0.000000000,0.070250006,-0.036897802,-0.996846773,0.000000000,0.314751406,0.022119155,0.277768561,1.000000000,0.966917701,-0.245062069,0.070678771,0.000000000,-0.246954866,-0.968825219,0.019280447,0.000000000,0.063751697,-0.036097767,-0.997312725,0.000000000,0.312481221,0.022664886,0.276659166,1.000000000,-0.305381508,0.226472342,-0.942454800,-0.008481048,0.148016321,0.054642129
1774925622.000000000,431227445.000000000,0.966108826,-0.245248223,0.080422584,0.000000000,-0.247417252,-0.968730745,0.018060818,0.000000000,0.073479861,-0.037347370,-0.996597152,0.000000000,0.315630915,0.021915320,0.278597016,1.000000000,0.966917701,-0.245062069,0.070678771,0.000000000,-0.246954866,-0.968825219,0.019280447,0.000000000,0.063751697,-0.036097767,-0.997312725,0.000000000,0.312481221,0.022664886,0.276659166,1.000000000,0.291919291,0.215057885,-1.018841944,-0.019229129,0.040818683,0.042498109
1774925622.000000000,465012311.000000000,0.965748359,-0.245394456,0.084216477,0.000000000,-0.247670294,-0.968675110,0.017569937,0.000000000,0.077268328,-0.037826786,-0.996292497,0.000000000,0.316717430,0.021686032,0.279658742,1.000000000,0.966917701,-0.245062069,0.070678771,0.000000000,-0.246954866,-0.968825219,0.019280447,0.000000000,0.063751697,-0.036097767,-0.997312725,0.000000000,0.312481221,0.022664886,0.276659166,1.000000000,0.615733515,0.261051738,-0.858289160,-0.025751123,-0.013314944,0.028780927
1774925622.000000000,499064207.000000000,0.965252792,-0.245692059,0.088899981,0.000000000,-0.248084669,-0.968583177,0.016774186,0.000000000,0.081987320,-0.038246788,-0.995899223,0.000000000,0.318124201,0.021406285,0.281026320,1.000000000,0.966917701,-0.245062069,0.070678771,0.000000000,-0.246954866,-0.968825219,0.019280447,0.000000000,0.063751697,-0.036097767,-0.997312725,0.000000000,0.312481221,0.022664886,0.276659166,1.000000000,1.247200678,0.386797843,-0.921409282,-0.051599339,-0.146674343,-0.011193106
1774925622.000000000,532889842.000000000,0.964596951,-0.246250670,0.094308415,0.000000000,-0.248779733,-0.968419870,0.015885431,0.000000000,0.087420028,-0.038785807,-0.995416194,0.000000000,0.319794289,0.021001932,0.282601653,1.000000000,0.966917701,-0.245062069,0.070678771,0.000000000,-0.246954866,-0.968825219,0.019280447,0.000000000,0.063751697,-0.036097767,-0.997312725,0.000000000,0.312481221,0.022664886,0.276659166,1.000000000,1.849201028,0.660609436,-1.230297202,-0.039216679,-0.271791875,-0.040763124
1774925622.000000000,566921472.000000000,0.963761943,-0.247072004,0.100494226,0.000000000,-0.249760002,-0.968183047,0.014908907,0.000000000,0.093615035,-0.039468835,-0.994825832,0.000000000,0.321872199,0.020485635,0.284509031,1.000000000,0.966917701,-0.245062069,0.070678771,0.000000000,-0.246954866,-0.968825219,0.019280447,0.000000000,0.063751697,-0.036097767,-0.997312725,0.000000000,0.312481221,0.022664886,0.276659166,1.000000000,1.849201028,0.660609436,-1.230297202,-0.039216679,-0.271791875,-0.040763124
1774925622.000000000,600764274.000000000,0.962861793,-0.247730544,0.107272980,0.000000000,-0.250602451,-0.967979494,0.013959150,0.000000000,0.100381870,-0.040324380,-0.994131493,0.000000000,0.324431956,0.019934201,0.286796171,1.000000000,0.966917701,-0.245062069,0.070678771,0.000000000,-0.246954866,-0.968825219,0.019280447,0.000000000,0.063751697,-0.036097767,-0.997312725,0.000000000,0.312481221,0.022664886,0.276659166,1.000000000,1.892122144,0.660560677,-1.233371552,-0.063331350,-0.282148532,-0.081108286
1774925622.000000000,635280370.000000000,0.961918172,-0.248212606,0.114388281,0.000000000,-0.251298902,-0.967810000,0.013168646,0.000000000,0.107439567,-0.041413606,-0.993348706,0.000000000,0.327458154,0.019269462,0.289375762,1.000000000,0.966917701,-0.245062069,0.070678771,0.000000000,-0.246954866,-0.968825219,0.019280447,0.000000000,0.063751697,-0.036097767,-0.997312725,0.000000000,0.312481221,0.022664886,0.276659166,1.000000000,2.039466691,0.945457946,-1.484949137,-0.085855669,-0.324717186,-0.148259884
1774925622.000000000,669488668.000000000,0.960888018,-0.248763034,0.121622026,0.000000000,-0.252032871,-0.967633875,0.012035878,0.000000000,0.114693719,-0.042218692,-0.992503367,0.000000000,0.331051471,0.018533686,0.292205304,1.000000000,0.966917701,-0.245062069,0.070678771,0.000000000,-0.246954866,-0.968825219,0.019280447,0.000000000,0.063751697,-0.036097767,-0.997312725,0.000000000,0.312481221,0.022664886,0.276659166,1.000000000,2.039466691,0.945457946,-1.484949137,-0.085855669,-0.324717186,-0.148259884
1774925622.000000000,702973842.000000000,0.959775481,-0.249226856,0.129219765,0.000000000,-0.252637641,-0.967494631,0.010445524,0.000000000,0.122418481,-0.042671956,-0.991560800,0.000000000,0.335378029,0.017781619,0.295420609,1.000000000,0.966917701,-0.245062069,0.070678771,0.000000000,-0.246954866,-0.968825219,0.019280447,0.000000000,0.063751697,-0.036097767,-0.997312725,0.000000000,0.312481221,0.022664886,0.276659166,1.000000000,2.663425127,1.116073986,-0.233338018,-0.113807511,-0.411422394,-0.209134595
1774925622.000000000,737036943.000000000,0.958813645,-0.249481588,0.135705853,0.000000000,-0.252995284,-0.967415589,0.009011792,0.000000000,0.129038166,-0.042974398,-0.990708006,0.000000000,0.340249547,0.016932471,0.298645309,1.000000000,0.966917701,-0.245062069,0.070678771,0.000000000,-0.246954866,-0.968825219,0.019280447,0.000000000,0.063751697,-0.036097767,-0.997312725,0.000000000,0.312481221,0.022664886,0.276659166,1.000000000,2.663425127,1.116073986,-0.233338018,-0.113807511,-0.411422394,-0.209134595
1774925622.000000000,771067857.000000000,0.957851634,-0.249518937,0.142271903,0.000000000,-0.253108003,-0.967399637,0.007418080,0.000000000,0.135785450,-0.043116408,-0.989799620,0.000000000,0.345996359,0.015899543,0.302017680,1.000000000,0.966917701,-0.245062069,0.070678771,0.000000000,-0.246954866,-0.968825219,0.019280447,0.000000000,0.063751697,-0.036097767,-0.997312725,0.000000000,0.312481221,0.022664886,0.276659166,1.000000000,1.055828901,1.106831063,-2.267719402,-0.208877878,-0.145866513,-0.194761570
1774925622.000000000,804979085.000000000,0.957082688,-0.249604770,0.147210512,0.000000000,-0.253183243,-0.967391082,0.005786753,0.000000000,0.140968450,-0.042810461,-0.989088045,0.000000000,0.352333484,0.014750025,0.305195591,1.000000000,0.966917701,-0.245062069,0.070678771,0.000000000,-0.246954866,-0.968825219,0.019280447,0.000000000,0.063751697,-0.036097767,-0.997312725,0.000000000,0.312481221,0.022664886,0.276659166,1.000000000,2.202034723,1.247047684,-0.240986825,-0.127321743,-0.316253249,-0.247575434
1774925622.000000000,839357614.000000000,0.956488171,-0.249305502,0.151518624,0.000000000,-0.252773281,-0.967508288,0.003758706,0.000000000,0.145661263,-0.041895824,-0.988447033,0.000000000,0.359548037,0.013494701,0.308383060,1.000000000,0.966917701,-0.245062069,0.070678771,0.000000000,-0.246954866,-0.968825219,0.019280447,0.000000000,0.063751697,-0.036097767,-0.997312725,0.000000000,0.312481221,0.022664886,0.276659166,1.000000000,0.424277175,1.095178889,-3.088946132,-0.258037042,-0.015149562,-0.199705352
1774925622.000000000,872751951.000000000,0.956108937,-0.248679902,0.154902403,0.000000000,-0.251941441,-0.967731414,0.001472602,0.000000000,0.149540594,-0.040435081,-0.987928446,0.000000000,0.367602604,0.011998845,0.311224320,1.000000000,0.966917701,-0.245062069,0.070678771,0.000000000,-0.246954866,-0.968825219,0.019280447,0.000000000,0.063751697,-0.036097767,-0.997312725,0.000000000,0.312481221,0.022664886,0.276659166,1.000000000,1.203714521,1.079099029,-1.447547861,-0.236305530,-0.115152657,-0.203423006
1774925622.000000000,907058954.000000000,0.956073009,-0.247563866,0.156898952,0.000000000,-0.250485168,-0.968109761,-0.001191129,0.000000000,0.152193218,-0.038162789,-0.987613703,0.000000000,0.376434462,0.010302735,0.313462296,1.000000000,0.966917701,-0.245062069,0.070678771,0.000000000,-0.246954866,-0.968825219,0.019280447,0.000000000,0.063751697,-0.036097767,-0.997312725,0.000000000,0.312481221,0.022664886,0.276659166,1.000000000,1.093288418,1.306740615,-1.112426952,-0.219973316,-0.091052965,-0.163985790
1774925622.000000000,941034317.000000000,0.956271814,-0.246195873,0.157837118,0.000000000,-0.248638638,-0.968576417,-0.004393102,0.000000000,0.153961838,-0.035044081,-0.987455146,0.000000000,0.386047023,0.008294097,0.315120861,1.000000000,0.966917701,-0.245062069,0.070678771,0.000000000,-0.246954866,-0.968825219,0.019280447,0.000000000,0.063751697,-0.036097767,-0.997312725,0.000000000,0.312481221,0.022664886,0.276659166,1.000000000,-0.492055223,0.487166555,-1.813189519,-0.449071361,0.176041640,-0.084527626
1774925622.000000000,975100994.000000000,0.956832192,-0.244059973,0.157758148,0.000000000,-0.245970347,-0.969237586,-0.007605011,0.000000000,0.154764185,-0.031527714,-0.987448252,0.000000000,0.396375264,0.005938432,0.316000501,1.000000000,0.966917701,-0.245062069,0.070678771,0.000000000,-0.246954866,-0.968825219,0.019280447,0.000000000,0.063751697,-0.036097767,-0.997312725,0.000000000,0.312481221,0.022664886,0.276659166,1.000000000,1.034872839,0.512566776,-0.385979019,-0.437794939,-0.069944155,-0.025521763
1774925623.000000000,8810520.000000000,0.957800478,-0.241455188,0.155879386,0.000000000,-0.242714860,-0.970023178,-0.011192754,0.000000000,0.153912129,-0.027114340,-0.987712443,0.000000000,0.407205721,0.003289334,0.315879378,1.000000000,0.966917701,-0.245062069,0.070678771,0.000000000,-0.246954866,-0.968825219,0.019280447,0.000000000,0.063751697,-0.036097767,-0.997312725,0.000000000,0.312481221,0.022664886,0.276659166,1.000000000,1.034872839,0.512566776,-0.385979019,-0.437794939,-0.069944155,-0.025521763
1774925623.000000000,44228315.000000000,0.958951666,-0.238867575,0.152757094,0.000000000,-0.239347269,-0.970800123,-0.015516201,0.000000000,0.152005850,-0.021683124,-0.988141722,0.000000000,0.418548685,0.000247447,0.314639663,1.000000000,0.966917701,-0.245062069,0.070678771,0.000000000,-0.246954866,-0.968825219,0.019280447,0.000000000,0.063751697,-0.036097767,-0.997312725,0.000000000,0.312481221,0.022664886,0.276659166,1.000000000,1.532126021,-0.248337767,-0.926267420,-0.690620444,-0.163930875,0.205604855
1774925623.000000000,77547550.000000000,0.960232614,-0.236220370,0.148775034,0.000000000,-0.235910786,-0.971559341,-0.019982356,0.000000000,0.149266888,-0.015910232,-0.988668934,0.000000000,0.430263154,-0.003166219,0.312393275,1.000000000,0.966917701,-0.245062069,0.070678771,0.000000000,-0.246954866,-0.968825219,0.019280447,0.000000000,0.063751697,-0.036097767,-0.997312725,0.000000000,0.312481221,0.022664886,0.276659166,1.000000000,1.532126021,-0.248337767,-0.926267420,-0.690620444,-0.163930875,0.205604855
1774925623.000000000,110888957.000000000,0.961466676,-0.233911325,0.144388605,0.000000000,-0.232821113,-0.972197395,-0.024643486,0.000000000,0.146141429,-0.009923016,-0.989213939,0.000000000,0.442280700,-0.007036591,0.309182456,1.000000000,0.966917701,-0.245062069,0.070678771,0.000000000,-0.246954866,-0.968825219,0.019280447,0.000000000,0.063751697,-0.036097767,-0.997312725,0.000000000,0.312481221,0.022664886,0.276659166,1.000000000,2.335454066,-1.323237392,-0.447328512,-0.929631257,-0.264323506,0.341860260
1774925623.000000000,144831418.000000000,0.962811231,-0.231359833,0.139455755,0.000000000,-0.229540394,-0.972850615,-0.029217054,0.000000000,0.142432011,-0.003880296,-0.989796982,0.000000000,0.454394215,-0.011216030,0.304898979,1.000000000,0.966917701,-0.245062069,0.070678771,0.000000000,-0.246954866,-0.968825219,0.019280447,0.000000000,0.063751697,-0.036097767,-0.997312725,0.000000000,0.312481221,0.022664886,0.276659166,1.000000000,2.335454066,-1.323237392,-0.447328512,-0.929631257,-0.264323506,0.341860260
1774925623.000000000,179182052.000000000,0.964002951,-0.229560503,0.134093371,0.000000000,-0.227083518,-0.973282386,-0.033693036,0.000000000,0.138247968,0.002029831,-0.990395567,0.000000000,0.466446548,-0.015680290,0.299538920,1.000000000,0.966917701,-0.245062069,0.070678771,0.000000000,-0.246954866,-0.968825219,0.019280447,0.000000000,0.063751697,-0.036097767,-0.997312725,0.000000000,0.312481221,0.022664886,0.276659166,1.000000000,2.577642628,-1.076609389,0.217910745,-0.964348527,-0.292937920,0.403911691
1774925623.000000000,212902307.000000000,0.965092878,-0.227971956,0.128861444,0.000000000,-0.224949930,-0.973629455,-0.037735391,0.000000000,0.134068490,0.007430927,-0.990944207,0.000000000,0.478347151,-0.020410040,0.293160896,1.000000000,0.966917701,-0.245062069,0.070678771,0.000000000,-0.246954866,-0.968825219,0.019280447,0.000000000,0.063751697,-0.036097767,-0.997312725,0.000000000,0.312481221,0.022664886,0.276659166,1.000000000,2.597319427,-1.136367276,0.130517897,-1.043373460,-0.284015869,0.448758258
1774925623.000000000,247036695.000000000,0.966115265,-0.226595238,0.123517771,0.000000000,-0.223133030,-0.973900199,-0.041361825,0.000000000,0.129668871,0.012399635,-0.991479820,0.000000000,0.489933429,-0.025173547,0.285884645,1.000000000,0.966917701,-0.245062069,0.070678771,0.000000000,-0.246954866,-0.968825219,0.019280447,0.000000000,0.063751697,-0.036097767,-0.997312725,0.000000000,0.312481221,0.022664886,0.276659166,1.000000000,2.238544412,-1.362899593,-0.902889803,-1.156801391,-0.248397972,0.491655106
1774925623.000000000,280544996.000000000,0.967026339,-0.225535972,0.118213082,0.000000000,-0.221753844,-0.974081448,-0.044399467,0.000000000,0.125165257,0.016721571,-0.991994984,0.000000000,0.501070883,-0.029976499,0.277796948,1.000000000,0.966917701,-0.245062069,0.070678771,0.000000000,-0.246954866,-0.968825219,0.019280447,0.000000000,0.063751697,-0.036097767,-0.997312725,0.000000000,0.312481221,0.022664886,0.276659166,1.000000000,2.238544412,-1.362899593,-0.902889803,-1.156801391,-0.248397972,0.491655106
1774925623.000000000,315226078.000000000,0.967647008,-0.225030867,0.114022468,0.000000000,-0.220991662,-0.974129200,-0.047071579,0.000000000,0.121667517,0.020351050,-0.992362258,0.000000000,0.511885693,-0.034816815,0.269143547,1.000000000,0.966917701,-0.245062069,0.070678771,0.000000000,-0.246954866,-0.968825219,0.019280447,0.000000000,0.063751697,-0.036097767,-0.997312725,0.000000000,0.312481221,0.022664886,0.276659166,1.000000000,3.117594367,-1.558482458,0.188732281,-1.273294390,-0.331391558,0.519593389
1774925623.000000000,348907470.000000000,0.968378549,-0.224414794,0.108911581,0.000000000,-0.220220713,-0.974194784,-0.049275821,0.000000000,0.117161573,0.023733519,-0.992829233,0.000000000,0.521897703,-0.039568423,0.259759287,1.000000000,0.966917701,-0.245062069,0.070678771,0.000000000,-0.246954866,-0.968825219,0.019280447,0.000000000,0.063751697,-0.036097767,-0.997312725,0.000000000,0.312481221,0.022664886,0.276659166,1.000000000,3.810397603,-1.073641830,0.379873400,-1.259605635,-0.411520898,0.518881478
1774925623.000000000,382734537.000000000,0.968890462,-0.224192305,0.104736950,0.000000000,-0.219886450,-0.974174109,-0.051141978,0.000000000,0.113499849,0.026521249,-0.993183975,0.000000000,0.531400546,-0.044303317,0.249919532,1.000000000,0.966917701,-0.245062069,0.070678771,0.000000000,-0.246954866,-0.968825219,0.019280447,0.000000000,0.063751697,-0.036097767,-0.997312725,0.000000000,0.312481221,0.022664886,0.276659166,1.000000000,3.810397603,-1.073641830,0.379873400,-1.259605635,-0.411520898,0.518881478
1774925623.000000000,417309999.000000000,0.969271622,-0.224349260,0.100800198,0.000000000,-0.219993129,-0.974073708,-0.052575475,0.000000000,0.109984209,0.028785119,-0.993516427,0.000000000,0.540217946,-0.048942628,0.239771465,1.000000000,0.966917701,-0.245062069,0.070678771,0.000000000,-0.246954866,-0.968825219,0.019280447,0.000000000,0.063751697,-0.036097767,-0.997312725,0.000000000,0.312481221,0.022664886,0.276659166,1.000000000,3.932992573,-1.442138385,0.569888513,-1.354684227,-0.388700834,0.510804413
1774925623.000000000,451276779.000000000,0.969659912,-0.224178900,0.097386979,0.000000000,-0.219846945,-0.974068411,-0.053280384,0.000000000,0.106807974,0.030254205,-0.993819269,0.000000000,0.548391591,-0.053552553,0.229481605,1.000000000,0.966917701,-0.245062069,0.070678771,0.000000000,-0.246954866,-0.968825219,0.019280447,0.000000000,0.063751697,-0.036097767,-0.997312725,0.000000000,0.312481221,0.022664886,0.276659166,1.000000000,3.572122371,-1.234518012,0.859812645,-1.311999294,-0.282964633,0.488240935
1774925623.000000000,484717845.000000000,0.969944706,-0.224404932,0.093970425,0.000000000,-0.220157004,-0.973986443,-0.053498119,0.000000000,0.103533155,0.031202571,-0.994136452,0.000000000,0.555835834,-0.057997811,0.219061102,1.000000000,0.966917701,-0.245062069,0.070678771,0.000000000,-0.246954866,-0.968825219,0.019280447,0.000000000,0.063751697,-0.036097767,-0.997312725,0.000000000,0.312481221,0.022664886,0.276659166,1.000000000,3.572122371,-1.234518012,0.859812645,-1.311999294,-0.282964633,0.488240935
1774925623.000000000,519160270.000000000,0.970137371,-0.224927691,0.090673939,0.000000000,-0.220785079,-0.973843302,-0.053515594,0.000000000,0.100341279,0.031898639,-0.994441604,0.000000000,0.562569063,-0.062222834,0.208609524,1.000000000,0.966917701,-0.245062069,0.070678771,0.000000000,-0.246954866,-0.968825219,0.019280447,0.000000000,0.063751697,-0.036097767,-0.997312725,0.000000000,0.312481221,0.022664886,0.276659166,1.000000000,3.262813869,-0.762660876,-0.099956139,-1.257880878,-0.239664809,0.488876024
1774925623.000000000,552866697.000000000,0.970278350,-0.225345988,0.088090046,0.000000000,-0.221354356,-0.973750497,-0.052848518,0.000000000,0.097688808,0.031779269,-0.994709493,0.000000000,0.568688391,-0.066608100,0.198485179,1.000000000,0.966917701,-0.245062069,0.070678771,0.000000000,-0.246954866,-0.968825219,0.019280447,0.000000000,0.063751697,-0.036097767,-0.997312725,0.000000000,0.312481221,0.022664886,0.276659166,1.000000000,3.262813869,-0.762660876,-0.099956139,-1.257880878,-0.239664809,0.488876024
1774925623.000000000,588439226.000000000,0.970462337,-0.225736436,0.085009771,0.000000000,-0.221905114,-0.973658739,-0.052225737,0.000000000,0.094561579,0.031819621,-0.995010361,0.000000000,0.573953126,-0.070876283,0.188267286,1.000000000,0.966917701,-0.245062069,0.070678771,0.000000000,-0.246954866,-0.968825219,0.019280447,0.000000000,0.063751697,-0.036097767,-0.997312725,0.000000000,0.312481221,0.022664886,0.276659166,1.000000000,2.700068167,-1.986111443,0.720547224,-1.470727761,-0.057180747,0.497814440
1774925623.000000000,620768070.000000000,0.970693333,-0.225728980,0.082350638,0.000000000,-0.222035325,-0.973658863,-0.051667015,0.000000000,0.091845939,0.031868690,-0.995263136,0.000000000,0.578602175,-0.074970482,0.178460498,1.000000000,0.966917701,-0.245062069,0.070678771,0.000000000,-0.246954866,-0.968825219,0.019280447,0.000000000,0.063751697,-0.036097767,-0.997312725,0.000000000,0.312481221,0.022664886,0.276659166,1.000000000,2.700068167,-1.986111443,0.720547224,-1.470727761,-0.057180747,0.497814440
1774925623.000000000,655148744.000000000,0.970812468,-0.225971125,0.080255527,0.000000000,-0.222425379,-0.973616211,-0.050785534,0.000000000,0.089615872,0.031452969,-0.995479636,0.000000000,0.582813986,-0.078934173,0.169322579,1.000000000,0.966917701,-0.245062069,0.070678771,0.000000000,-0.246954866,-0.968825219,0.019280447,0.000000000,0.063751697,-0.036097767,-0.997312725,0.000000000,0.312481221,0.022664886,0.276659166,1.000000000,3.001964297,-1.172462105,-0.440436482,-1.402638664,-0.117083063,0.512756053
1774925623.000000000,689464092.000000000,0.970883728,-0.226429351,0.078072294,0.000000000,-0.223058651,-0.973532492,-0.049599114,0.000000000,0.087238290,0.030740864,-0.995713051,0.000000000,0.586324867,-0.082842655,0.160532068,1.000000000,0.966917701,-0.245062069,0.070678771,0.000000000,-0.246954866,-0.968825219,0.019280447,0.000000000,0.063751697,-0.036097767,-0.997312725,0.000000000,0.312481221,0.022664886,0.276659166,1.000000000,2.594466684,-1.601086300,2.728415099,-1.431881421,0.104410344,0.507010592
1774925623.000000000,722704887.000000000,0.970975132,-0.226877475,0.075595314,0.000000000,-0.223681243,-0.973446477,-0.048470657,0.000000000,0.084586521,0.030155129,-0.995959732,0.000000000,0.589241130,-0.086655457,0.152321702,1.000000000,0.966917701,-0.245062069,0.070678771,0.000000000,-0.246954866,-0.968825219,0.019280447,0.000000000,0.063751697,-0.036097767,-0.997312725,0.000000000,0.312481221,0.022664886,0.276659166,1.000000000,2.594466684,-1.601086300,2.728415099,-1.431881421,0.104410344,0.507010592
1774925623.000000000,757459402.000000000,0.971007393,-0.227409155,0.073555868,0.000000000,-0.224355081,-0.973338148,-0.047522565,0.000000000,0.082403385,0.029642700,-0.996158116,0.000000000,0.591747377,-0.090237970,0.144697812,1.000000000,0.966917701,-0.245062069,0.070678771,0.000000000,-0.246954866,-0.968825219,0.019280447,0.000000000,0.063751697,-0.036097767,-0.997312725,0.000000000,0.312481221,0.022664886,0.276659166,1.000000000,4.124156014,-1.903648319,3.352108534,-1.471585469,-0.105432872,0.505063239
1774925623.000000000,791027545.000000000,0.971090198,-0.227728870,0.071443236,0.000000000,-0.224818259,-0.973278812,-0.046538711,0.000000000,0.080133939,0.029132103,-0.996358305,0.000000000,0.593803651,-0.093556046,0.137677313,1.000000000,0.966917701,-0.245062069,0.070678771,0.000000000,-0.246954866,-0.968825219,0.019280447,0.000000000,0.063751697,-0.036097767,-0.997312725,0.000000000,0.312481221,0.022664886,0.276659166,1.000000000,3.324201991,-1.553823651,3.366650762,-1.419608596,0.036199539,0.507412971
1774925623.000000000,824828147.000000000,0.971255162,-0.227603860,0.069574709,0.000000000,-0.224845789,-0.973331183,-0.045293778,0.000000000,0.078029775,0.028348781,-0.996547892,0.000000000,0.595441418,-0.096658119,0.131401083,1.000000000,0.966917701,-0.245062069,0.070678771,0.000000000,-0.246954866,-0.968825219,0.019280447,0.000000000,0.063751697,-0.036097767,-0.997312725,0.000000000,0.312481221,0.022664886,0.276659166,1.000000000,1.570801709,-1.503739994,-0.597187409,-1.625107066,0.231323156,0.565396534
1774925623.000000000,859141588.000000000,0.971245492,-0.228025118,0.068319004,0.000000000,-0.225411542,-0.973264453,-0.043894055,0.000000000,0.076502878,0.027232535,-0.996697396,0.000000000,0.596838704,-0.099773801,0.126094409,1.000000000,0.966917701,-0.245062069,0.070678771,0.000000000,-0.246954866,-0.968825219,0.019280447,0.000000000,0.063751697,-0.036097767,-0.997312725,0.000000000,0.312481221,0.022664886,0.276659166,1.000000000,1.570801709,-1.503739994,-0.597187409,-1.625107066,0.231323156,0.565396534
1774925623.000000000,892804622.000000000,0.971347977,-0.228361920,0.065686284,0.000000000,-0.225904360,-0.973199811,-0.042779617,0.000000000,0.073696533,0.026715591,-0.996922815,0.000000000,0.597551442,-0.102675978,0.120956378,1.000000000,0.966917701,-0.245062069,0.070678771,0.000000000,-0.246954866,-0.968825219,0.019280447,0.000000000,0.063751697,-0.036097767,-0.997312725,0.000000000,0.312481221,0.022664886,0.276659166,1.000000000,1.947778434,-1.650908350,-0.404858791,-1.535781946,0.177870402,0.543326859
1774925623.000000000,927072763.000000000,0.971331437,-0.228720852,0.064674247,0.000000000,-0.226370726,-0.973138817,-0.041687948,0.000000000,0.072473319,0.025852956,-0.997035226,0.000000000,0.598265719,-0.105430897,0.117030719,1.000000000,0.966917701,-0.245062069,0.070678771,0.000000000,-0.246954866,-0.968825219,0.019280447,0.000000000,0.063751697,-0.036097767,-0.997312725,0.000000000,0.312481221,0.022664886,0.276659166,1.000000000,2.597017149,-1.822544619,2.835435420,-1.589053065,0.202806477,0.545260225
1774925623.000000000,960838317.000000000,0.971304547,-0.229387415,0.062686825,0.000000000,-0.227176813,-0.973002552,-0.040465745,0.000000000,0.070278126,0.025064052,-0.997212504,0.000000000,0.598518631,-0.107940485,0.113417286,1.000000000,0.966917701,-0.245062069,0.070678771,0.000000000,-0.246954866,-0.968825219,0.019280447,0.000000000,0.063751697,-0.036097767,-0.997312725,0.000000000,0.312481221,0.022664886,0.276659166,1.000000000,2.597017149,-1.822544619,2.835435420,-1.589053065,0.202806477,0.545260225
1774925623.000000000,994862556.000000000,0.971162533,-0.230252823,0.061706711,0.000000000,-0.228178299,-0.972832773,-0.038881959,0.000000000,0.068984320,0.023681025,-0.997336640,0.000000000,0.598649101,-0.110365305,0.110689717,1.000000000,0.966917701,-0.245062069,0.070678771,0.000000000,-0.246954866,-0.968825219,0.019280447,0.000000000,0.063751697,-0.036097767,-0.997312725,0.000000000,0.312481221,0.022664886,0.276659166,1.000000000,1.724219043,-1.275659972,0.234333748,-1.564656724,0.253351378,0.535770102
1774925624.000000000,28799533.000000000,0.971086683,-0.230817476,0.060783996,0.000000000,-0.228919001,-0.972746100,-0.036631459,0.000000000,0.067583878,0.021658127,-0.997478494,0.000000000,0.598456003,-0.112754017,0.108538070,1.000000000,0.966917701,-0.245062069,0.070678771,0.000000000,-0.246954866,-0.968825219,0.019280447,0.000000000,0.063751697,-0.036097767,-0.997312725,0.000000000,0.312481221,0.022664886,0.276659166,1.000000000,2.054214469,-1.085888646,1.774792849,-1.511028567,0.252634350,0.509678629
1774925624.000000000,62783956.000000000,0.970855142,-0.232075843,0.059681185,0.000000000,-0.230331196,-0.972483116,-0.034711334,0.000000000,0.066095880,0.019953622,-0.997613747,0.000000000,0.598030401,-0.114970159,0.106831321,1.000000000,0.966917701,-0.245062069,0.070678771,0.000000000,-0.246954866,-0.968825219,0.019280447,0.000000000,0.063751697,-0.036097767,-0.997312725,0.000000000,0.312481221,0.022664886,0.276659166,1.000000000,2.017376633,-1.778843350,1.372043614,-1.553594653,0.224633325,0.461277341
1774925624.000000000,97189426.000000000,0.970677912,-0.233033392,0.058826665,0.000000000,-0.231446386,-0.972292040,-0.032580764,0.000000000,0.064790352,0.018010556,-0.997736353,0.000000000,0.597478691,-0.116982441,0.105560961,1.000000000,0.966917701,-0.245062069,0.070678771,0.000000000,-0.246954866,-0.968825219,0.019280447,0.000000000,0.063751697,-0.036097767,-0.997312725,0.000000000,0.312481221,0.022664886,0.276659166,1.000000000,2.017376633,-1.778843350,1.372043614,-1.553594653,0.224633325,0.461277341
1774925624.000000000,131894588.000000000,0.970458143,-0.234145441,0.058031473,0.000000000,-0.232707771,-0.972058459,-0.030499051,0.000000000,0.063552421,0.016093987,-0.997848723,0.000000000,0.596851875,-0.118815319,0.104751935,1.000000000,0.966917701,-0.245062069,0.070678771,0.000000000,-0.246954866,-0.968825219,0.019280447,0.000000000,0.063751697,-0.036097767,-0.997312725,0.000000000,0.312481221,0.022664886,0.276659166,1.000000000,1.810592615,-1.292497528,0.882354723,-1.430062530,0.222831944,0.411391450
1774925624.000000000,165364265.000000000,0.970175364,-0.235388828,0.057728766,0.000000000,-0.234079958,-0.971787559,-0.028570266,0.000000000,0.062826428,0.014205294,-0.997923369,0.000000000,0.596390594,-0.120489083,0.104450748,1.000000000,0.966917701,-0.245062069,0.070678771,0.000000000,-0.246954866,-0.968825219,0.019280447,0.000000000,0.063751697,-0.036097767,-0.997312725,0.000000000,0.312481221,0.022664886,0.276659166,1.000000000,1.507659883,-1.652929164,0.714149683,-1.470174545,0.262127178,0.390634823
1774925624.000000000,198446273.000000000,0.969855570,-0.236716879,0.057671821,0.000000000,-0.235519675,-0.971489043,-0.026837829,0.000000000,0.062381710,0.012446209,-0.997974756,0.000000000,0.596026224,-0.122089626,0.104305828,1.000000000,0.966917701,-0.245062069,0.070678771,0.000000000,-0.246954866,-0.968825219,0.019280447,0.000000000,0.063751697,-0.036097767,-0.997312725,0.000000000,0.312481221,0.022664886,0.276659166,1.000000000,1.431892596,-1.031444496,0.939331119,-1.335048585,0.257480198,0.336074509
1774925624.000000000,233227252.000000000,0.969601384,-0.237784039,0.057555665,0.000000000,-0.236699586,-0.971249292,-0.025077188,0.000000000,0.061865045,0.010691680,-0.998027256,0.000000000,0.595655261,-0.123595391,0.104118850,1.000000000,0.966917701,-0.245062069,0.070678771,0.000000000,-0.246954866,-0.968825219,0.019280447,0.000000000,0.063751697,-0.036097767,-0.997312725,0.000000000,0.312481221,0.022664886,0.276659166,1.000000000,0.896614495,-1.088741705,0.222451752,-1.313103740,0.266391125,0.264461976
1774925624.000000000,267338991.000000000,0.969344219,-0.238865897,0.057407458,0.000000000,-0.237885994,-0.971000364,-0.023437023,0.000000000,0.061342149,0.009062287,-0.998075656,0.000000000,0.595292741,-0.125030679,0.103926174,1.000000000,0.966917701,-0.245062069,0.070678771,0.000000000,-0.246954866,-0.968825219,0.019280447,0.000000000,0.063751697,-0.036097767,-0.997312725,0.000000000,0.312481221,0.022664886,0.276659166,1.000000000,0.896614495,-1.088741705,0.222451752,-1.313103740,0.266391125,0.264461976
1774925624.000000000,300901651.000000000,0.969094423,-0.239932053,0.057178284,0.000000000,-0.239054125,-0.970750894,-0.021830578,0.000000000,0.060744895,0.007487331,-0.998125241,0.000000000,0.594905397,-0.126470810,0.103688819,1.000000000,0.966917701,-0.245062069,0.070678771,0.000000000,-0.246954866,-0.968825219,0.019280447,0.000000000,0.063751697,-0.036097767,-0.997312725,0.000000000,0.312481221,0.022664886,0.276659166,1.000000000,0.827269778,-0.559995882,0.253777414,-1.241949804,0.278065455,0.243283729
