ros_time_sec,ros_time_nsec,O_T_EE_0,O_T_EE_1,O_T_EE_2,O_T_EE_3,O_T_EE_4,O_T_EE_5,O_T_EE_6,O_T_EE_7,O_T_EE_8,O_T_EE_9,O_T_EE_10,O_T_EE_11,O_T_EE_12,O_T_EE_13,O_T_EE_14,O_T_EE_15
1774902490.000000000,533969163.000000000,0.988333901,-0.147224499,0.038752993,0.000000000,-0.149394472,-0.986896761,0.060801493,0.000000000,0.029294298,-0.065882928,-0.997397255,0.000000000,0.340996753,-0.007601647,0.286426250,1.000000000
1774902490.000000000,567465543.000000000,0.988333067,-0.147228231,0.038760069,0.000000000,-0.149398666,-0.986896124,0.060801525,0.000000000,0.029301025,-0.065884129,-0.997396978,0.000000000,0.340997405,-0.007602101,0.286429210,1.000000000
1774902490.000000000,602028131.000000000,0.988334481,-0.147219463,0.038757316,0.000000000,-0.149389748,-0.986897434,0.060802180,0.000000000,0.029298795,-0.065884106,-0.997397045,0.000000000,0.340997302,-0.007601587,0.286428402,1.000000000
1774902490.000000000,635245323.000000000,0.988333641,-0.147222669,0.038766577,0.000000000,-0.149393547,-0.986896888,0.060801712,0.000000000,0.029307788,-0.065885122,-0.997396714,0.000000000,0.340998222,-0.007602526,0.286431757,1.000000000
1774902490.000000000,669527530.000000000,0.988334350,-0.147220468,0.038756851,0.000000000,-0.149390636,-0.986897479,0.060799264,0.000000000,0.029298706,-0.065881180,-0.997397241,0.000000000,0.340996958,-0.007601562,0.286427751,1.000000000
1774902490.000000000,703447103.000000000,0.988334410,-0.147220321,0.038755883,0.000000000,-0.149390509,-0.986897322,0.060802129,0.000000000,0.029297332,-0.065883866,-0.997397104,0.000000000,0.340997167,-0.007601249,0.286428004,1.000000000
1774902490.000000000,737097740.000000000,0.988333113,-0.147227516,0.038761632,0.000000000,-0.149398034,-0.986896263,0.060800824,0.000000000,0.029302720,-0.065883648,-0.997396960,0.000000000,0.340997897,-0.007602381,0.286429707,1.000000000
1774902490.000000000,771532297.000000000,0.988334338,-0.147219554,0.038760623,0.000000000,-0.149390050,-0.986897404,0.060801917,0.000000000,0.029302092,-0.065884342,-0.997396932,0.000000000,0.340997337,-0.007602118,0.286429767,1.000000000
1774902490.000000000,805006265.000000000,0.988333992,-0.147223208,0.038755581,0.000000000,-0.149393348,-0.986896944,0.060801288,0.000000000,0.029296968,-0.065883074,-0.997397167,0.000000000,0.340996218,-0.007602827,0.286428050,1.000000000
1774902490.000000000,839323043.000000000,0.988334210,-0.147221212,0.038757582,0.000000000,-0.149391520,-0.986897149,0.060802457,0.000000000,0.029298900,-0.065884471,-0.997397018,0.000000000,0.340996460,-0.007601618,0.286427638,1.000000000
1774902490.000000000,873512506.000000000,0.988333160,-0.147226991,0.038762418,0.000000000,-0.149397548,-0.986896367,0.060800336,0.000000000,0.029303603,-0.065883267,-0.997396959,0.000000000,0.340998161,-0.007602373,0.286430103,1.000000000
1774902490.000000000,907246351.000000000,0.988334839,-0.147216927,0.038757824,0.000000000,-0.149387265,-0.986897777,0.060802708,0.000000000,0.029299387,-0.065884628,-0.997396993,0.000000000,0.340997840,-0.007601538,0.286428830,1.000000000
1774902490.000000000,942042827.000000000,0.988333857,-0.147222383,0.038762160,0.000000000,-0.149392939,-0.986897043,0.060800684,0.000000000,0.029303603,-0.065883436,-0.997396948,0.000000000,0.340996534,-0.007601982,0.286429431,1.000000000
1774902490.000000000,975444316.000000000,0.988333343,-0.147226079,0.038761203,0.000000000,-0.149396526,-0.986896585,0.060799300,0.000000000,0.029302621,-0.065882033,-0.997397069,0.000000000,0.340998374,-0.007602929,0.286430358,1.000000000
1774902491.000000000,9349822.000000000,0.988334880,-0.147216960,0.038756666,0.000000000,-0.149387205,-0.986897822,0.060802134,0.000000000,0.029298328,-0.065883889,-0.997397073,0.000000000,0.340997790,-0.007601428,0.286428464,1.000000000
1774902491.000000000,43252944.000000000,0.988333849,-0.147222505,0.038761895,0.000000000,-0.149393041,-0.986897034,0.060800573,0.000000000,0.029303350,-0.065883290,-0.997396965,0.000000000,0.340998173,-0.007601110,0.286429910,1.000000000
1774902491.000000000,77675104.000000000,0.988333625,-0.147224521,0.038759935,0.000000000,-0.149394910,-0.986896782,0.060800079,0.000000000,0.029301357,-0.065882568,-0.997397071,0.000000000,0.340997859,-0.007602590,0.286429270,1.000000000
1774902491.000000000,111093044.000000000,0.988334267,-0.147221843,0.038753741,0.000000000,-0.149391885,-0.986897117,0.060802064,0.000000000,0.029295127,-0.065883526,-0.997397191,0.000000000,0.340996311,-0.007602142,0.286426874,1.000000000
1774902491.000000000,145190715.000000000,0.988333290,-0.147226128,0.038762389,0.000000000,-0.149396712,-0.986896435,0.060801280,0.000000000,0.029303491,-0.065884171,-0.997396903,0.000000000,0.340997062,-0.007602069,0.286429610,1.000000000
1774902491.000000000,179290533.000000000,0.988334321,-0.147220967,0.038755679,0.000000000,-0.149391104,-0.986897310,0.060800855,0.000000000,0.029297278,-0.065882594,-0.997397189,0.000000000,0.340997121,-0.007601614,0.286428068,1.000000000
1774902491.000000000,213556766.000000000,0.988335606,-0.147211528,0.038758777,0.000000000,-0.149381957,-0.986898539,0.060803388,0.000000000,0.029300585,-0.065885284,-0.997396915,0.000000000,0.340997401,-0.007600850,0.286428988,1.000000000
1774902491.000000000,247178554.000000000,0.988334244,-0.147219752,0.038762270,0.000000000,-0.149390318,-0.986897442,0.060800646,0.000000000,0.029303893,-0.065883337,-0.997396946,0.000000000,0.340997235,-0.007602998,0.286430343,1.000000000
1774902491.000000000,281297683.000000000,0.988335355,-0.147213453,0.038757859,0.000000000,-0.149383837,-0.986898215,0.060804018,0.000000000,0.029299457,-0.065885827,-0.997396912,0.000000000,0.340997232,-0.007601135,0.286428794,1.000000000
1774902491.000000000,315905809.000000000,0.988333965,-0.147223404,0.038755501,0.000000000,-0.149393597,-0.986896782,0.060803302,0.000000000,0.029296575,-0.065885060,-0.997397047,0.000000000,0.340996717,-0.007601448,0.286427216,1.000000000
1774902491.000000000,349387884.000000000,0.988333716,-0.147223875,0.038760065,0.000000000,-0.149394352,-0.986896701,0.060802771,0.000000000,0.029301125,-0.065885232,-0.997396902,0.000000000,0.340997780,-0.007603530,0.286429734,1.000000000
1774902491.000000000,383565902.000000000,0.988334464,-0.147218172,0.038762653,0.000000000,-0.149388800,-0.986897602,0.060801777,0.000000000,0.029304207,-0.065884466,-0.997396862,0.000000000,0.340996957,-0.007602657,0.286430096,1.000000000
1774902491.000000000,417460918.000000000,0.988335242,-0.147214963,0.038755002,0.000000000,-0.149385135,-0.986898065,0.060803266,0.000000000,0.029296650,-0.065884700,-0.997397069,0.000000000,0.340995593,-0.007601865,0.286427081,1.000000000
1774902491.000000000,453827142.000000000,0.988322909,-0.147285100,0.038803017,0.000000000,-0.149457808,-0.986888168,0.060785320,0.000000000,0.029342032,-0.065876207,-0.997396296,0.000000000,0.341007286,-0.007626263,0.286438907,1.000000000
1774902491.000000000,487439393.000000000,0.988254616,-0.147677655,0.039049597,0.000000000,-0.149859846,-0.986840092,0.060575618,0.000000000,0.029590612,-0.065717366,-0.997399430,0.000000000,0.341058816,-0.007756710,0.286482725,1.000000000
1774902491.000000000,520993947.000000000,0.988198018,-0.148029107,0.039151095,0.000000000,-0.150209371,-0.986803626,0.060303359,0.000000000,0.029708362,-0.065473782,-0.997411950,0.000000000,0.341082972,-0.007870620,0.286513648,1.000000000
1774902491.000000000,555688858.000000000,0.988181543,-0.148138236,0.039154154,0.000000000,-0.150315813,-0.986793022,0.060211592,0.000000000,0.029717979,-0.065386731,-0.997417374,0.000000000,0.341082021,-0.007911346,0.286519337,1.000000000
1774902491.000000000,589267969.000000000,0.988193929,-0.148064876,0.039119027,0.000000000,-0.150240692,-0.986803568,0.060226228,0.000000000,0.029685978,-0.065393722,-0.997417868,0.000000000,0.341076305,-0.007887483,0.286508388,1.000000000
1774902491.000000000,623050689.000000000,0.988202627,-0.148006995,0.039118327,0.000000000,-0.150183420,-0.986811110,0.060245498,0.000000000,0.029686216,-0.065410943,-0.997416732,0.000000000,0.341075284,-0.007870847,0.286507810,1.000000000
1774902491.000000000,657051801.000000000,0.988203900,-0.147998000,0.039120215,0.000000000,-0.150174632,-0.986812303,0.060247860,0.000000000,0.029688318,-0.065413294,-0.997416515,0.000000000,0.341076537,-0.007867763,0.286508814,1.000000000
1774902491.000000000,691060543.000000000,0.988203894,-0.148000295,0.039111684,0.000000000,-0.150176372,-0.986812024,0.060248106,0.000000000,0.029679713,-0.065412323,-0.997416835,0.000000000,0.341075037,-0.007869137,0.286504512,1.000000000
1774902491.000000000,725159406.000000000,0.988206868,-0.147977077,0.039124390,0.000000000,-0.150154057,-0.986815340,0.060249404,0.000000000,0.029693590,-0.065414820,-0.997416258,0.000000000,0.341077359,-0.007867164,0.286510691,1.000000000
1774902491.000000000,758821487.000000000,0.988208679,-0.147967038,0.039116622,0.000000000,-0.150143467,-0.986817069,0.060247485,0.000000000,0.029686880,-0.065411452,-0.997416679,0.000000000,0.341075920,-0.007868749,0.286508055,1.000000000
1774902491.000000000,793159246.000000000,0.988211270,-0.147950968,0.039111944,0.000000000,-0.150127170,-0.986819430,0.060249410,0.000000000,0.029683039,-0.065412171,-0.997416746,0.000000000,0.341076603,-0.007868172,0.286507542,1.000000000
1774902491.000000000,826955556.000000000,0.988211033,-0.147949625,0.039122996,0.000000000,-0.150126539,-0.986819555,0.060248950,0.000000000,0.029694099,-0.065413337,-0.997416340,0.000000000,0.341077261,-0.007867708,0.286510093,1.000000000
1774902491.000000000,861531734.000000000,0.988212899,-0.147936707,0.039124729,0.000000000,-0.150113738,-0.986821532,0.060248449,0.000000000,0.029696740,-0.065412714,-0.997416303,0.000000000,0.341079125,-0.007869867,0.286510429,1.000000000
1774902491.000000000,895234346.000000000,0.988207684,-0.147963302,0.039155859,0.000000000,-0.150141788,-0.986818384,0.060230119,0.000000000,0.029728446,-0.065400056,-0.997416188,0.000000000,0.341087455,-0.007878301,0.286521582,1.000000000
1774902491.000000000,929136991.000000000,0.988187417,-0.148002524,0.039517439,0.000000000,-0.150203073,-0.986812227,0.060178166,0.000000000,0.030090351,-0.065404206,-0.997405063,0.000000000,0.341179342,-0.007900397,0.286596160,1.000000000
1774902491.000000000,963438987.000000000,0.988063244,-0.148412222,0.041055873,0.000000000,-0.150701926,-0.986757696,0.059824122,0.000000000,0.031634177,-0.065298472,-0.997364221,0.000000000,0.341621424,-0.008055565,0.286968734,1.000000000
1774902491.000000000,997457742.000000000,0.987703404,-0.149847734,0.044366539,0.000000000,-0.152318698,-0.986568439,0.058842809,0.000000000,0.034953838,-0.064878345,-0.997280818,0.000000000,0.342689663,-0.008591664,0.287904905,1.000000000
1774902492.000000000,31414508.000000000,0.987238337,-0.151699882,0.048253060,0.000000000,-0.154367077,-0.986334348,0.057411727,0.000000000,0.038885047,-0.064128976,-0.997183748,0.000000000,0.344209430,-0.009559974,0.289231176,1.000000000
1774902492.000000000,65469264.000000000,0.986800090,-0.153430472,0.051627701,0.000000000,-0.156242875,-0.986135364,0.055731098,0.000000000,0.042361869,-0.063063127,-0.997110081,0.000000000,0.345909330,-0.010630907,0.290628143,1.000000000
1774902492.000000000,99411964.000000000,0.986351674,-0.155258053,0.054644846,0.000000000,-0.158197954,-0.985900910,0.054346579,0.000000000,0.045437535,-0.062250741,-0.997025715,0.000000000,0.347885384,-0.011712456,0.292095539,1.000000000
1774902492.000000000,133478641.000000000,0.985929288,-0.156932574,0.057413876,0.000000000,-0.159988135,-0.985676608,0.053161724,0.000000000,0.048249637,-0.061600426,-0.996933980,0.000000000,0.350167099,-0.012921182,0.293616361,1.000000000
1774902492.000000000,167103052.000000000,0.985555469,-0.158382011,0.059802194,0.000000000,-0.161552522,-0.985456150,0.052513859,0.000000000,0.050616164,-0.061417699,-0.996827904,0.000000000,0.352482246,-0.014135595,0.295134528,1.000000000
1774902492.000000000,201306104.000000000,0.985164534,-0.160119889,0.061589034,0.000000000,-0.163384113,-0.985170972,0.052197069,0.000000000,0.052318947,-0.061486554,-0.996735738,0.000000000,0.355639124,-0.015732457,0.296969280,1.000000000
1774902492.000000000,234808921.000000000,0.984903657,-0.161523313,0.062094712,0.000000000,-0.164802514,-0.984950945,0.051889437,0.000000000,0.052779908,-0.061340642,-0.996720426,0.000000000,0.358691108,-0.017203133,0.298220306,1.000000000
1774902492.000000000,269393205.000000000,0.984661648,-0.162629829,0.063037485,0.000000000,-0.165941548,-0.984784703,0.051412438,0.000000000,0.053718189,-0.061085570,-0.996685963,0.000000000,0.362211609,-0.018610852,0.299641958,1.000000000
1774902492.000000000,303143262.000000000,0.984523776,-0.163539449,0.062837330,0.000000000,-0.166830421,-0.984642852,0.051252439,0.000000000,0.053491562,-0.060943596,-0.996706843,0.000000000,0.365935136,-0.020011984,0.300743695,1.000000000
1774902492.000000000,337217807.000000000,0.984396373,-0.164125753,0.063302968,0.000000000,-0.167417481,-0.984569825,0.050738489,0.000000000,0.053999739,-0.060545974,-0.996703674,0.000000000,0.370168139,-0.021268891,0.301941964,1.000000000
1774902492.000000000,371623992.000000000,0.984357436,-0.164586467,0.062709482,0.000000000,-0.167807715,-0.984536359,0.050094668,0.000000000,0.053495890,-0.059835346,-0.996773756,0.000000000,0.374668489,-0.022498248,0.302905233,1.000000000
1774902492.000000000,407746315.000000000,0.984245230,-0.164906332,0.063623709,0.000000000,-0.168147360,-0.984511049,0.049449032,0.000000000,0.054484835,-0.059369275,-0.996748058,0.000000000,0.379843045,-0.023733554,0.304219080,1.000000000
1774902492.000000000,442464113.000000000,0.984252529,-0.164803928,0.063775949,0.000000000,-0.168026157,-0.984557101,0.048941527,0.000000000,0.054726362,-0.058887983,-0.996763378,0.000000000,0.385323090,-0.024939240,0.305140973,1.000000000
1774902492.000000000,473323583.000000000,0.984222688,-0.164888568,0.064017238,0.000000000,-0.168061462,-0.984607663,0.047789563,0.000000000,0.055152973,-0.057795516,-0.996803806,0.000000000,0.391281369,-0.025986621,0.306055307,1.000000000
1774902492.000000000,507256269.000000000,0.984260660,-0.164439953,0.064584847,0.000000000,-0.167604208,-0.984721216,0.047050012,0.000000000,0.055862243,-0.057135268,-0.996802373,0.000000000,0.397675771,-0.027059602,0.306980282,1.000000000
1774902492.000000000,541229963.000000000,0.984384986,-0.163595727,0.064833507,0.000000000,-0.166720682,-0.984915751,0.046107752,0.000000000,0.056313596,-0.056197947,-0.996830261,0.000000000,0.404433426,-0.028005956,0.307712403,1.000000000
1774902492.000000000,575000286.000000000,0.984586116,-0.162588191,0.064311798,0.000000000,-0.165629390,-0.985144295,0.045148310,0.000000000,0.056016897,-0.055105384,-0.996907972,0.000000000,0.411419050,-0.028952800,0.308219460,1.000000000
1774902492.000000000,609432458.000000000,0.984793955,-0.161432701,0.064039805,0.000000000,-0.164381009,-0.985415473,0.043771870,0.000000000,0.056040683,-0.053634233,-0.996986866,0.000000000,0.418858586,-0.029818053,0.308674135,1.000000000
1774902492.000000000,643212080.000000000,0.985002663,-0.160262419,0.063768783,0.000000000,-0.163108030,-0.985694889,0.042214960,0.000000000,0.056092172,-0.051984049,-0.997071375,0.000000000,0.426629656,-0.030703511,0.309006205,1.000000000
1774902492.000000000,677112817.000000000,0.985270820,-0.158711765,0.063503807,0.000000000,-0.161469323,-0.986019554,0.040912637,0.000000000,0.056123759,-0.050564917,-0.997142574,0.000000000,0.434686376,-0.031644444,0.309222362,1.000000000
1774902492.000000000,711461544.000000000,0.985542026,-0.157250099,0.062929066,0.000000000,-0.159907041,-0.986325575,0.039652819,0.000000000,0.055834212,-0.049143267,-0.997229903,0.000000000,0.442956746,-0.032717551,0.309273478,1.000000000
1774902492.000000000,745225191.000000000,0.985838142,-0.155542713,0.062532939,0.000000000,-0.158132580,-0.986644600,0.038823549,0.000000000,0.055660138,-0.048163157,-0.997287451,0.000000000,0.451503039,-0.033952578,0.309172327,1.000000000
1774902492.000000000,779209375.000000000,0.986127795,-0.153764034,0.062364573,0.000000000,-0.156293685,-0.986972848,0.037916079,0.000000000,0.055723083,-0.047138196,-0.997332908,0.000000000,0.460285847,-0.035175628,0.308832160,1.000000000
1774902492.000000000,813482761.000000000,0.986353480,-0.152514077,0.061862883,0.000000000,-0.154935931,-0.987243187,0.036421060,0.000000000,0.055520054,-0.045509699,-0.997419867,0.000000000,0.469188844,-0.036427331,0.308153878,1.000000000
1774902492.000000000,846835136.000000000,0.986599085,-0.151184987,0.061205322,0.000000000,-0.153495154,-0.987520975,0.034961537,0.000000000,0.055156942,-0.043888586,-0.997512658,0.000000000,0.478212312,-0.037738152,0.307130976,1.000000000
1774902492.000000000,881484031.000000000,0.986860409,-0.149780298,0.060441230,0.000000000,-0.151985542,-0.987798949,0.033680544,0.000000000,0.054660154,-0.042425005,-0.997603321,0.000000000,0.487277885,-0.039128188,0.305780554,1.000000000
1774902492.000000000,915676116.000000000,0.987105509,-0.148601767,0.059337804,0.000000000,-0.150687279,-0.988042390,0.032346968,0.000000000,0.053822485,-0.040872109,-0.997713692,0.000000000,0.496266661,-0.040495225,0.304045823,1.000000000
1774902492.000000000,949314355.000000000,0.987334482,-0.147485411,0.058304562,0.000000000,-0.149478378,-0.988255971,0.031418092,0.000000000,0.052987142,-0.039736202,-0.997804288,0.000000000,0.505205394,-0.041900964,0.302017518,1.000000000
1774902492.000000000,983767986.000000000,0.987519776,-0.146624858,0.057328780,0.000000000,-0.148528137,-0.988429255,0.030458938,0.000000000,0.052200411,-0.038594484,-0.997890567,0.000000000,0.514066952,-0.043293687,0.299723400,1.000000000
1774902493.000000000,17082691.000000000,0.987701412,-0.145522838,0.057006771,0.000000000,-0.147387982,-0.988614401,0.029984940,0.000000000,0.051995222,-0.038019013,-0.997923370,0.000000000,0.522958726,-0.044891748,0.297209754,1.000000000
1774902493.000000000,51370143.000000000,0.987853406,-0.144624372,0.056658501,0.000000000,-0.146452859,-0.988766474,0.029549411,0.000000000,0.051749458,-0.037489008,-0.997956195,0.000000000,0.531723611,-0.046492435,0.294412232,1.000000000
1774902493.000000000,85186719.000000000,0.988041376,-0.143715164,0.055686059,0.000000000,-0.145463209,-0.988937479,0.028703021,0.000000000,0.050945952,-0.036460747,-0.998035633,0.000000000,0.540285095,-0.047971246,0.291205014,1.000000000
1774902493.000000000,119119882.000000000,0.988223122,-0.142724990,0.055003507,0.000000000,-0.144380832,-0.989133373,0.027387811,0.000000000,0.050497852,-0.035007394,-0.998110439,0.000000000,0.548809202,-0.049371163,0.287800801,1.000000000
1774902493.000000000,153121709.000000000,0.988408721,-0.141804669,0.054040573,0.000000000,-0.143349779,-0.989324514,0.025857180,0.000000000,0.049797954,-0.033304807,-0.998203864,0.000000000,0.557157378,-0.050697017,0.284160254,1.000000000
1774902493.000000000,187118291.000000000,0.988540484,-0.141147276,0.053347021,0.000000000,-0.142612281,-0.989460325,0.024713342,0.000000000,0.049297489,-0.032038696,-0.998270144,0.000000000,0.565363497,-0.052066901,0.280369733,1.000000000
1774902493.000000000,221135616.000000000,0.988696778,-0.140250406,0.052813359,0.000000000,-0.141653643,-0.989619981,0.023817768,0.000000000,0.048925645,-0.031030352,-0.998320289,0.000000000,0.573383121,-0.053380603,0.276396558,1.000000000
1774902493.000000000,255848169.000000000,0.988786833,-0.139736144,0.052489582,0.000000000,-0.141088875,-0.989720043,0.022998085,0.000000000,0.048737266,-0.030146480,-0.998356584,0.000000000,0.581223952,-0.054675760,0.272329705,1.000000000
1774902493.000000000,289251565.000000000,0.988868259,-0.139390829,0.051870126,0.000000000,-0.140705426,-0.989783762,0.022601660,0.000000000,0.048190672,-0.029649043,-0.998398013,0.000000000,0.588781111,-0.055984085,0.268113517,1.000000000
1774902493.000000000,323303699.000000000,0.988960797,-0.138928342,0.051343984,0.000000000,-0.140245707,-0.989839932,0.022995599,0.000000000,0.047628503,-0.029943095,-0.998416214,0.000000000,0.596068108,-0.057381851,0.263858626,1.000000000
1774902493.000000000,357149362.000000000,0.989017572,-0.138715776,0.050822455,0.000000000,-0.140035830,-0.989860452,0.023388003,0.000000000,0.047063760,-0.030248693,-0.998433783,0.000000000,0.603084940,-0.058817415,0.259473708,1.000000000
1774902493.000000000,390848875.000000000,0.989025721,-0.138723093,0.050643590,0.000000000,-0.140032950,-0.989863260,0.023286186,0.000000000,0.046900800,-0.030122988,-0.998445252,0.000000000,0.609890049,-0.060240598,0.255071992,1.000000000
1774902493.000000000,425373077.000000000,0.989092447,-0.138482547,0.049994631,0.000000000,-0.139774542,-0.989898816,0.023327193,0.000000000,0.046260108,-0.030061305,-0.998477000,0.000000000,0.616313071,-0.061772886,0.250444340,1.000000000
1774902493.000000000,459032773.000000000,0.989098973,-0.138669351,0.049343482,0.000000000,-0.139939215,-0.989876935,0.023268358,0.000000000,0.045618245,-0.029920374,-0.998510765,0.000000000,0.622434947,-0.063282617,0.245738914,1.000000000
1774902493.000000000,493087291.000000000,0.989119945,-0.138680052,0.048890939,0.000000000,-0.139934817,-0.989878362,0.023234076,0.000000000,0.045174849,-0.029823407,-0.998533824,0.000000000,0.628332506,-0.064745850,0.241025714,1.000000000
1774902493.000000000,527953624.000000000,0.989124588,-0.138586229,0.049062748,0.000000000,-0.139833945,-0.989898839,0.022967444,0.000000000,0.045385059,-0.029578870,-0.998531565,0.000000000,0.634138849,-0.066137739,0.236458655,1.000000000
1774902493.000000000,561801195.000000000,0.989068715,-0.138708359,0.049837891,0.000000000,-0.139961172,-0.989889825,0.022577667,0.000000000,0.046203200,-0.029306798,-0.998502066,0.000000000,0.639826334,-0.067468263,0.231922994,1.000000000
1774902493.000000000,595635175.000000000,0.989087799,-0.138557604,0.049878487,0.000000000,-0.139831022,-0.989898501,0.022999772,0.000000000,0.046188736,-0.029723926,-0.998490405,0.000000000,0.645114081,-0.068865948,0.227142519,1.000000000
1774902493.000000000,629038572.000000000,0.989160120,-0.138371237,0.048953097,0.000000000,-0.139627438,-0.989921862,0.023230011,0.000000000,0.045246246,-0.029813970,-0.998530873,0.000000000,0.649967496,-0.070203616,0.222036837,1.000000000
1774902493.000000000,663398981.000000000,0.989147202,-0.138674928,0.048351049,0.000000000,-0.139903006,-0.989888376,0.022997795,0.000000000,0.044673784,-0.029513230,-0.998565582,0.000000000,0.654691327,-0.071485213,0.217012578,1.000000000
1774902493.000000000,697268962.000000000,0.989137399,-0.138600093,0.048764396,0.000000000,-0.139830025,-0.989903973,0.022769160,0.000000000,0.045117130,-0.029341119,-0.998550721,0.000000000,0.659367777,-0.072765208,0.212313975,1.000000000
1774902493.000000000,730908155.000000000,0.989128169,-0.138608174,0.048928380,0.000000000,-0.139821971,-0.989915630,0.022307139,0.000000000,0.045343889,-0.028906438,-0.998553128,0.000000000,0.663708066,-0.073967379,0.207579598,1.000000000
1774902493.000000000,765369415.000000000,0.989156352,-0.138562239,0.048486740,0.000000000,-0.139753596,-0.989930083,0.022093227,0.000000000,0.044938060,-0.028630403,-0.998579426,0.000000000,0.667703694,-0.075236653,0.202620387,1.000000000
1774902493.000000000,798865318.000000000,0.989172908,-0.138509068,0.048300550,0.000000000,-0.139695755,-0.989937893,0.022109086,0.000000000,0.044753097,-0.028617641,-0.998588099,0.000000000,0.671506522,-0.076531593,0.197769968,1.000000000
1774902493.000000000,833467960.000000000,0.989150971,-0.138626944,0.048411511,0.000000000,-0.139813888,-0.989922713,0.022041907,0.000000000,0.044868916,-0.028571925,-0.998584211,0.000000000,0.675107214,-0.077781842,0.193259541,1.000000000
1774902493.000000000,867513418.000000000,0.989137097,-0.138754929,0.048328255,0.000000000,-0.139946461,-0.989900555,0.022195190,0.000000000,0.044761336,-0.028718007,-0.998584848,0.000000000,0.678457209,-0.079082725,0.188697766,1.000000000
1774902493.000000000,901276588.000000000,0.989110692,-0.139233955,0.047483584,0.000000000,-0.140408401,-0.989831647,0.022350358,0.000000000,0.043889670,-0.028774626,-0.998621909,0.000000000,0.681406024,-0.080426033,0.184055761,1.000000000
1774902493.000000000,935704231.000000000,0.989039846,-0.139514398,0.048131717,0.000000000,-0.140728254,-0.989775737,0.022809991,0.000000000,0.044458139,-0.029334047,-0.998580486,0.000000000,0.684507447,-0.081845820,0.180089417,1.000000000
1774902493.000000000,968676090.000000000,0.989037389,-0.139880220,0.047109596,0.000000000,-0.141081920,-0.989715994,0.023214001,0.000000000,0.043378777,-0.029606397,-0.998619919,0.000000000,0.687017329,-0.083161079,0.175571868,1.000000000
1774902494.000000000,3214359.000000000,0.988954447,-0.140397652,0.047311191,0.000000000,-0.141614648,-0.989635071,0.023419323,0.000000000,0.043533634,-0.029861176,-0.998605594,0.000000000,0.689652149,-0.084360530,0.172050744,1.000000000
1774902494.000000000,37283420.000000000,0.989013550,-0.140437979,0.045936037,0.000000000,-0.141641308,-0.989615717,0.024066975,0.000000000,0.042079917,-0.030309588,-0.998654399,0.000000000,0.691722497,-0.085431400,0.167978821,1.000000000
1774902494.000000000,71587085.000000000,0.989021156,-0.140220525,0.046433864,0.000000000,-0.141464718,-0.989626023,0.024674197,0.000000000,0.042493149,-0.030972653,-0.998616557,0.000000000,0.694092163,-0.086366561,0.164972397,1.000000000
1774902494.000000000,105349063.000000000,0.989052054,-0.140295848,0.045539607,0.000000000,-0.141520383,-0.989613260,0.024866130,0.000000000,0.041578785,-0.031039278,-0.998652977,0.000000000,0.696014282,-0.087075753,0.161633908,1.000000000
1774902494.000000000,139240264.000000000,0.989067418,-0.140113999,0.045765240,0.000000000,-0.141364594,-0.989623920,0.025323791,0.000000000,0.041742963,-0.031517128,-0.998631161,0.000000000,0.697943443,-0.087729351,0.159052329,1.000000000
1774902494.000000000,173732519.000000000,0.989058917,-0.140005704,0.046277519,0.000000000,-0.141292409,-0.989622025,0.025796308,0.000000000,0.042186434,-0.032053348,-0.998595457,0.000000000,0.699857804,-0.088315247,0.157020934,1.000000000
1774902494.000000000,207395076.000000000,0.989065421,-0.139980588,0.046214451,0.000000000,-0.141269965,-0.989622312,0.025907995,0.000000000,0.042109046,-0.032154035,-0.998595487,0.000000000,0.701425151,-0.088654165,0.154915034,1.000000000
1774902494.000000000,240983724.000000000,0.989063595,-0.139904577,0.046482915,0.000000000,-0.141199237,-0.989634455,0.025829607,0.000000000,0.042388230,-0.032111094,-0.998585057,0.000000000,0.702800732,-0.088792552,0.153387113,1.000000000
1774902494.000000000,275573730.000000000,0.989035905,-0.139783278,0.047427425,0.000000000,-0.141096639,-0.989656073,0.025560566,0.000000000,0.043364735,-0.031972784,-0.998547566,0.000000000,0.704239194,-0.088778087,0.152436939,1.000000000
1774902494.000000000,309600353.000000000,0.989025684,-0.139629318,0.048089463,0.000000000,-0.140957060,-0.989679910,0.025407260,0.000000000,0.044046425,-0.031907596,-0.998519813,0.000000000,0.705400041,-0.088738954,0.151577822,1.000000000
1774902494.000000000,343099832.000000000,0.989029598,-0.139473123,0.048460801,0.000000000,-0.140815029,-0.989698750,0.025460916,0.000000000,0.044411336,-0.032006225,-0.998500493,0.000000000,0.706244591,-0.088710291,0.150826518,1.000000000
1774902494.000000000,377477645.000000000,0.989021509,-0.139383036,0.048883234,0.000000000,-0.140747920,-0.989702842,0.025672064,0.000000000,0.044802488,-0.032271058,-0.998474494,0.000000000,0.706881437,-0.088714398,0.150405497,1.000000000
1774902494.000000000,411050319.000000000,0.989030460,-0.139175285,0.049292360,0.000000000,-0.140563493,-0.989723166,0.025897988,0.000000000,0.045182301,-0.032543232,-0.998448545,0.000000000,0.707249937,-0.088633401,0.150325229,1.000000000
1774902494.000000000,445264577.000000000,0.989048099,-0.138978467,0.049493335,0.000000000,-0.140384820,-0.989741739,0.026156046,0.000000000,0.045351366,-0.032818332,-0.998431876,0.000000000,0.707335496,-0.088551424,0.150424976,1.000000000
1774902494.000000000,479341506.000000000,0.989070993,-0.138738919,0.049707452,0.000000000,-0.140157854,-0.989770594,0.026281078,0.000000000,0.045553643,-0.032961376,-0.998417955,0.000000000,0.707400741,-0.088416138,0.150571158,1.000000000
1774902494.000000000,513001680.000000000,0.989077459,-0.138636721,0.049863680,0.000000000,-0.140066927,-0.989779871,0.026416106,0.000000000,0.045692704,-0.033112465,-0.998406601,0.000000000,0.707456016,-0.088379881,0.150652422,1.000000000
1774902494.000000000,547526121.000000000,0.989059487,-0.138729299,0.049962572,0.000000000,-0.140172042,-0.989759621,0.026616499,0.000000000,0.045759329,-0.033329298,-0.998396335,0.000000000,0.707481620,-0.088489540,0.150693620,1.000000000
1774902494.000000000,580787181.000000000,0.989030221,-0.138937287,0.049963972,0.000000000,-0.140391911,-0.989721563,0.026871644,0.000000000,0.045717827,-0.033592053,-0.998389430,0.000000000,0.707459038,-0.088697439,0.150688140,1.000000000
1774902494.000000000,614968538.000000000,0.989001419,-0.139182787,0.049850704,0.000000000,-0.140644667,-0.989679167,0.027110353,0.000000000,0.045563786,-0.033824064,-0.998388639,0.000000000,0.707402654,-0.088926058,0.150646107,1.000000000
1774902494.000000000,649281978.000000000,0.988992953,-0.139329339,0.049608690,0.000000000,-0.140791144,-0.989653478,0.027287252,0.000000000,0.045294370,-0.033972019,-0.998395874,0.000000000,0.707332159,-0.089064755,0.150601305,1.000000000
1774902494.000000000,686173439.000000000,0.989007815,-0.139346432,0.049263183,0.000000000,-0.140804879,-0.989646369,0.027473565,0.000000000,0.044925652,-0.034108724,-0.998407873,0.000000000,0.707246102,-0.089139613,0.150554118,1.000000000
1774902494.000000000,719424724.000000000,0.989034639,-0.139410947,0.048536757,0.000000000,-0.140860457,-0.989628472,0.027831038,0.000000000,0.044154256,-0.034363432,-0.998433551,0.000000000,0.707047584,-0.089301666,0.150394065,1.000000000
1774902494.000000000,753427267.000000000,0.989061089,-0.139568710,0.047534037,0.000000000,-0.141011502,-0.989588741,0.028471516,0.000000000,0.043066245,-0.034863586,-0.998463734,0.000000000,0.706730548,-0.089639058,0.150130013,1.000000000
1774902494.000000000,787472486.000000000,0.989067471,-0.139894372,0.046431133,0.000000000,-0.141336777,-0.989515939,0.029374625,0.000000000,0.041835807,-0.035616599,-0.998489471,0.000000000,0.706309858,-0.090189187,0.149725966,1.000000000
1774902494.000000000,821509361.000000000,0.989024267,-0.140534482,0.045407105,0.000000000,-0.141986134,-0.989389252,0.030489217,0.000000000,0.040641298,-0.036602459,-0.998503152,0.000000000,0.705850997,-0.091005068,0.149235451,1.000000000
1774902494.000000000,855269193.000000000,0.988945254,-0.141383647,0.044482541,0.000000000,-0.142853172,-0.989223618,0.031786036,0.000000000,0.039509915,-0.037789849,-0.998504328,0.000000000,0.705397417,-0.092031240,0.148745974,1.000000000
1774902494.000000000,889846324.000000000,0.988836651,-0.142375265,0.043727653,0.000000000,-0.143866912,-0.989033962,0.033088981,0.000000000,0.038537823,-0.039011311,-0.998495345,0.000000000,0.705001733,-0.093155444,0.148326613,1.000000000
1774902494.000000000,923459768.000000000,0.988707853,-0.143431269,0.043185626,0.000000000,-0.144953994,-0.988828337,0.034461655,0.000000000,0.037761019,-0.040333215,-0.998472502,0.000000000,0.704675851,-0.094347262,0.148003022,1.000000000
1774902494.000000000,957336425.000000000,0.988568940,-0.144478188,0.042874833,0.000000000,-0.146039099,-0.988620515,0.035816280,0.000000000,0.037212985,-0.041669066,-0.998438222,0.000000000,0.704436741,-0.095568647,0.147783448,1.000000000
1774902494.000000000,995310544.000000000,0.988441384,-0.145404819,0.042682735,0.000000000,-0.147005227,-0.988429927,0.037101066,0.000000000,0.036794927,-0.042947641,-0.998399536,0.000000000,0.704235167,-0.096784579,0.147639284,1.000000000
1774902495.000000000,27248859.000000000,0.988301965,-0.146387135,0.042553253,0.000000000,-0.148028513,-0.988228609,0.038373464,0.000000000,0.036435662,-0.044224516,-0.998356968,0.000000000,0.704035715,-0.098067626,0.147544986,1.000000000
1774902495.000000000,61940431.000000000,0.988194844,-0.147112999,0.042537791,0.000000000,-0.148796202,-0.988067155,0.039544072,0.000000000,0.036213445,-0.045407584,-0.998311944,0.000000000,0.703874058,-0.099291080,0.147528951,1.000000000
1774902495.000000000,95500230.000000000,0.988081121,-0.147929018,0.042349167,0.000000000,-0.149646301,-0.987890444,0.040733317,0.000000000,0.035811387,-0.046586114,-0.998272147,0.000000000,0.703663439,-0.100514345,0.147406199,1.000000000
1774902495.000000000,129550218.000000000,0.987971948,-0.148714937,0.042143134,0.000000000,-0.150461503,-0.987720702,0.041831776,0.000000000,0.035405318,-0.047670459,-0.998235439,0.000000000,0.703458972,-0.101660446,0.147278343,1.000000000
1774902495.000000000,163227796.000000000,0.987863597,-0.149464326,0.042031853,0.000000000,-0.151240796,-0.987558610,0.042836428,0.000000000,0.035107076,-0.048674416,-0.998197523,0.000000000,0.703288043,-0.102715263,0.147207267,1.000000000
1774902495.000000000,197314977.000000000,0.987776773,-0.150062448,0.041941102,0.000000000,-0.151866604,-0.987422084,0.043759673,0.000000000,0.034847558,-0.049595196,-0.998161292,0.000000000,0.703134456,-0.103676688,0.147150606,1.000000000
1774902495.000000000,231518268.000000000,0.987707708,-0.150541739,0.041849903,0.000000000,-0.152367535,-0.987311012,0.044517943,0.000000000,0.034617728,-0.050348252,-0.998131588,0.000000000,0.703001352,-0.104480915,0.147096826,1.000000000
1774902495.000000000,265586137.000000000,0.987641211,-0.150996869,0.041779558,0.000000000,-0.152841965,-0.987207384,0.045184747,0.000000000,0.034422995,-0.051012970,-0.998104571,0.000000000,0.702883393,-0.105198658,0.147057559,1.000000000
1774902495.000000000,299337625.000000000,0.987594962,-0.151315389,0.041720391,0.000000000,-0.153177401,-0.987128477,0.045768997,0.000000000,0.034258492,-0.051592846,-0.998080425,0.000000000,0.702784633,-0.105801819,0.147022794,1.000000000
1774902495.000000000,333357334.000000000,0.987561726,-0.151548165,0.041662197,0.000000000,-0.153423108,-0.987068461,0.046237966,0.000000000,0.034116819,-0.052055791,-0.998061239,0.000000000,0.702702484,-0.106290731,0.146991762,1.000000000
1774902495.000000000,367506027.000000000,0.987523792,-0.151805114,0.041625884,0.000000000,-0.153688693,-0.987012458,0.046550403,0.000000000,0.034019332,-0.052368067,-0.998048231,0.000000000,0.702643026,-0.106643355,0.146971520,1.000000000
1774902495.000000000,401614665.000000000,0.987494074,-0.152003152,0.041608198,0.000000000,-0.153891290,-0.986973133,0.046714584,0.000000000,0.033966063,-0.052534526,-0.998041297,0.000000000,0.702609712,-0.106845262,0.146957895,1.000000000
1774902495.000000000,434691429.000000000,0.987486593,-0.152051055,0.041610730,0.000000000,-0.153940281,-0.986964129,0.046743396,0.000000000,0.033961569,-0.052565056,-0.998039842,0.000000000,0.702602000,-0.106905020,0.146959815,1.000000000
1774902495.000000000,469494819.000000000,0.987494381,-0.152002929,0.041601725,0.000000000,-0.153891333,-0.986972282,0.046732422,0.000000000,0.033956939,-0.052551161,-0.998040732,0.000000000,0.702603997,-0.106877160,0.146954638,1.000000000
1774902495.000000000,502818346.000000000,0.987502629,-0.151950001,0.041599290,0.000000000,-0.153837610,-0.986981625,0.046711978,0.000000000,0.033960503,-0.052528747,-0.998041790,0.000000000,0.702608650,-0.106841448,0.146954795,1.000000000
1774902495.000000000,537099123.000000000,0.987504928,-0.151932245,0.041609571,0.000000000,-0.153820290,-0.986984484,0.046708612,0.000000000,0.033972111,-0.052526392,-0.998041519,0.000000000,0.702612580,-0.106833697,0.146960514,1.000000000
1774902495.000000000,571167469.000000000,0.987505862,-0.151929439,0.041597655,0.000000000,-0.153817181,-0.986984518,0.046718126,0.000000000,0.033959036,-0.052533868,-0.998041571,0.000000000,0.702608048,-0.106847518,0.146953308,1.000000000
1774902495.000000000,605498075.000000000,0.987503976,-0.151940575,0.041601745,0.000000000,-0.153828693,-0.986982493,0.046722997,0.000000000,0.033961729,-0.052539699,-0.998041172,0.000000000,0.702607408,-0.106856933,0.146955857,1.000000000
1774902495.000000000,639209508.000000000,0.987507571,-0.151915783,0.041606959,0.000000000,-0.153803838,-0.986986854,0.046712702,0.000000000,0.033969779,-0.052529469,-0.998041437,0.000000000,0.702611982,-0.106840655,0.146958039,1.000000000
1774902495.000000000,672945976.000000000,0.987509575,-0.151905853,0.041595648,0.000000000,-0.153793266,-0.986988574,0.046711173,0.000000000,0.033959383,-0.052525872,-0.998041980,0.000000000,0.702609301,-0.106837581,0.146952450,1.000000000
1774902495.000000000,707547426.000000000,0.987508302,-0.151912595,0.041601251,0.000000000,-0.153800586,-0.986987035,0.046719590,0.000000000,0.033963255,-0.052535291,-0.998041352,0.000000000,0.702608824,-0.106847955,0.146955973,1.000000000
1774902495.000000000,741015195.000000000,0.987508381,-0.151912178,0.041600886,0.000000000,-0.153800180,-0.986987056,0.046720470,0.000000000,0.033962781,-0.052536091,-0.998041326,0.000000000,0.702608803,-0.106852495,0.146954658,1.000000000
1774902495.000000000,775703907.000000000,0.987511062,-0.151896406,0.041594851,0.000000000,-0.153784003,-0.986989709,0.046717678,0.000000000,0.033958096,-0.052531857,-0.998041708,0.000000000,0.702607790,-0.106842681,0.146953160,1.000000000
1774902495.000000000,809449195.000000000,0.987512595,-0.151886248,0.041595544,0.000000000,-0.153773801,-0.986991419,0.046715145,0.000000000,0.033959711,-0.052529110,-0.998041798,0.000000000,0.702609146,-0.106839724,0.146952759,1.000000000
1774902495.000000000,843146800.000000000,0.987511274,-0.151894460,0.041596924,0.000000000,-0.153782263,-0.986989847,0.046720494,0.000000000,0.033959811,-0.052534895,-0.998041490,0.000000000,0.702608223,-0.106844812,0.146953522,1.000000000
1774902495.000000000,877208948.000000000,0.987511999,-0.151891017,0.041592282,0.000000000,-0.153778530,-0.986990494,0.046719102,0.000000000,0.033955628,-0.052532685,-0.998041749,0.000000000,0.702607203,-0.106846296,0.146950355,1.000000000
1774902495.000000000,911219120.000000000,0.987513533,-0.151880450,0.041594449,0.000000000,-0.153768067,-0.986992146,0.046718646,0.000000000,0.033958399,-0.052532204,-0.998041680,0.000000000,0.702608421,-0.106840929,0.146952887,1.000000000
1774902495.000000000,945155858.000000000,0.987513985,-0.151878195,0.041591950,0.000000000,-0.153765643,-0.986992578,0.046717498,0.000000000,0.033956230,-0.052530607,-0.998041838,0.000000000,0.702607956,-0.106840943,0.146951702,1.000000000
1774902495.000000000,978966474.000000000,0.987514919,-0.151871768,0.041593230,0.000000000,-0.153759460,-0.986993301,0.046722577,0.000000000,0.033957053,-0.052535606,-0.998041547,0.000000000,0.702608031,-0.106845298,0.146951285,1.000000000
1774902496.000000000,13503789.000000000,0.987515415,-0.151869343,0.041590314,0.000000000,-0.153756887,-0.986993696,0.046722695,0.000000000,0.033954287,-0.052535191,-0.998041663,0.000000000,0.702606789,-0.106842984,0.146950605,1.000000000
1774902496.000000000,47050952.000000000,0.987514850,-0.151871172,0.041597047,0.000000000,-0.153759031,-0.986993415,0.046721583,0.000000000,0.033961003,-0.052535190,-0.998041434,0.000000000,0.702609339,-0.106845885,0.146953275,1.000000000
1774902496.000000000,81167697.000000000,0.987515626,-0.151865520,0.041599278,0.000000000,-0.153753562,-0.986994181,0.046723396,0.000000000,0.033963226,-0.052537132,-0.998041256,0.000000000,0.702609725,-0.106846447,0.146954767,1.000000000
1774902496.000000000,114863157.000000000,0.987517155,-0.151859003,0.041586762,0.000000000,-0.153746424,-0.986995245,0.046724409,0.000000000,0.033951068,-0.052535983,-0.998041730,0.000000000,0.702605877,-0.106847558,0.146948670,1.000000000
1774902496.000000000,149222373.000000000,0.987517122,-0.151855260,0.041601214,0.000000000,-0.153743323,-0.986995896,0.046720870,0.000000000,0.033966071,-0.052534579,-0.998041294,0.000000000,0.702610518,-0.106844242,0.146955984,1.000000000
