ros_time_sec,ros_time_nsec,O_T_EE_0,O_T_EE_1,O_T_EE_2,O_T_EE_3,O_T_EE_4,O_T_EE_5,O_T_EE_6,O_T_EE_7,O_T_EE_8,O_T_EE_9,O_T_EE_10,O_T_EE_11,O_T_EE_12,O_T_EE_13,O_T_EE_14,O_T_EE_15,O_T_EE_d_0,O_T_EE_d_1,O_T_EE_d_2,O_T_EE_d_3,O_T_EE_d_4,O_T_EE_d_5,O_T_EE_d_6,O_T_EE_d_7,O_T_EE_d_8,O_T_EE_d_9,O_T_EE_d_10,O_T_EE_d_11,O_T_EE_d_12,O_T_EE_d_13,O_T_EE_d_14,O_T_EE_d_15,F_ext_x,F_ext_y,F_ext_z,F_ext_wx,F_ext_wy,F_ext_wz
1774907127.000000000,48122882.000000000,0.973500897,-0.228095499,0.015785865,0.000000000,-0.225853788,-0.970086113,-0.088903019,0.000000000,0.035592712,0.082983469,-0.995915108,0.000000000,0.377254341,-0.020423077,0.269873122,1.000000000,0.973340112,-0.228501484,0.019412522,0.000000000,-0.225967952,-0.970081002,-0.088668376,0.000000000,0.039093327,0.081919457,-0.995871937,0.000000000,0.377370176,-0.020440202,0.271462507,1.000000000,-0.741723694,-0.024951998,-1.184853502,0.067539056,0.068449287,0.031505867
1774907127.000000000,82433938.000000000,0.973503767,-0.228083039,0.015788895,0.000000000,-0.225841319,-0.970089527,-0.088897445,0.000000000,0.035593326,0.082977810,-0.995915558,0.000000000,0.377255326,-0.020418201,0.269874073,1.000000000,0.973340112,-0.228501484,0.019412522,0.000000000,-0.225967952,-0.970081002,-0.088668376,0.000000000,0.039093327,0.081919457,-0.995871937,0.000000000,0.377370176,-0.020440202,0.271462507,1.000000000,-0.701797790,-0.011877592,-1.136368687,0.071401972,0.062527283,0.029990675
1774907127.000000000,116960048.000000000,0.973502780,-0.228087800,0.015781004,0.000000000,-0.225846607,-0.970088011,-0.088900553,0.000000000,0.035586780,0.082982447,-0.995915405,0.000000000,0.377252416,-0.020419363,0.269871075,1.000000000,0.973340112,-0.228501484,0.019412522,0.000000000,-0.225967952,-0.970081002,-0.088668376,0.000000000,0.039093327,0.081919457,-0.995871937,0.000000000,0.377370176,-0.020440202,0.271462507,1.000000000,-0.703105647,-0.013095679,-1.131339005,0.072702254,0.063542346,0.030512530
1774907127.000000000,150516033.000000000,0.973502687,-0.228087317,0.015793680,0.000000000,-0.225845100,-0.970088428,-0.088899830,0.000000000,0.035598875,0.082978896,-0.995915269,0.000000000,0.377256601,-0.020418821,0.269876001,1.000000000,0.973340112,-0.228501484,0.019412522,0.000000000,-0.225967952,-0.970081002,-0.088668376,0.000000000,0.039093327,0.081919457,-0.995871937,0.000000000,0.377370176,-0.020440202,0.271462507,1.000000000,-0.708097201,-0.025338432,-1.112315651,0.066599194,0.065344756,0.030783488
1774907127.000000000,184048891.000000000,0.973504506,-0.228079669,0.015792013,0.000000000,-0.225837669,-0.970090292,-0.088898364,0.000000000,0.035596273,0.082978124,-0.995915426,0.000000000,0.377256146,-0.020417758,0.269875617,1.000000000,0.973340112,-0.228501484,0.019412522,0.000000000,-0.225967952,-0.970081002,-0.088668376,0.000000000,0.039093327,0.081919457,-0.995871937,0.000000000,0.377370176,-0.020440202,0.271462507,1.000000000,-0.735248682,-0.002607708,-1.128800715,0.078657850,0.068287788,0.027546046
1774907127.000000000,218643188.000000000,0.973503049,-0.228085497,0.015797642,0.000000000,-0.225843075,-0.970089202,-0.088896530,0.000000000,0.035601817,0.082974852,-0.995915501,0.000000000,0.377257144,-0.020420351,0.269875873,1.000000000,0.973340112,-0.228501484,0.019412522,0.000000000,-0.225967952,-0.970081002,-0.088668376,0.000000000,0.039093327,0.081919457,-0.995871937,0.000000000,0.377370176,-0.020440202,0.271462507,1.000000000,-0.675688554,0.016399602,-1.047428316,0.080793220,0.060983336,0.028478110
1774907127.000000000,252084970.000000000,0.973503170,-0.228085306,0.015792956,0.000000000,-0.225843136,-0.970088836,-0.088900368,0.000000000,0.035598123,0.082979657,-0.995915232,0.000000000,0.377256340,-0.020420705,0.269874465,1.000000000,0.973340112,-0.228501484,0.019412522,0.000000000,-0.225967952,-0.970081002,-0.088668376,0.000000000,0.039093327,0.081919457,-0.995871937,0.000000000,0.377370176,-0.020440202,0.271462507,1.000000000,-0.675688554,0.016399602,-1.047428316,0.080793220,0.060983336,0.028478110
1774907127.000000000,286334991.000000000,0.973504705,-0.228078779,0.015792601,0.000000000,-0.225836843,-0.970090765,-0.088895298,0.000000000,0.035596072,0.082975037,-0.995915691,0.000000000,0.377255897,-0.020419649,0.269874402,1.000000000,0.973340112,-0.228501484,0.019412522,0.000000000,-0.225967952,-0.970081002,-0.088668376,0.000000000,0.039093327,0.081919457,-0.995871937,0.000000000,0.377370176,-0.020440202,0.271462507,1.000000000,-0.746635188,-0.007870387,-1.128615267,0.074316425,0.071594023,0.031631015
1774907127.000000000,320593118.000000000,0.973502948,-0.228085982,0.015796865,0.000000000,-0.225843637,-0.970089108,-0.088896130,0.000000000,0.035601013,0.082974621,-0.995915549,0.000000000,0.377257147,-0.020421170,0.269874947,1.000000000,0.973340112,-0.228501484,0.019412522,0.000000000,-0.225967952,-0.970081002,-0.088668376,0.000000000,0.039093327,0.081919457,-0.995871937,0.000000000,0.377370176,-0.020440202,0.271462507,1.000000000,-0.754585672,0.003242742,-1.130919521,0.076200054,0.075502334,0.027941444
1774907127.000000000,354160308.000000000,0.973501934,-0.228090235,0.015797971,0.000000000,-0.225847687,-0.970087919,-0.088898809,0.000000000,0.035603056,0.082976825,-0.995915292,0.000000000,0.377257826,-0.020421954,0.269874336,1.000000000,0.973340112,-0.228501484,0.019412522,0.000000000,-0.225967952,-0.970081002,-0.088668376,0.000000000,0.039093327,0.081919457,-0.995871937,0.000000000,0.377370176,-0.020440202,0.271462507,1.000000000,-0.754585672,0.003242742,-1.130919521,0.076200054,0.075502334,0.027941444
1774907127.000000000,388347864.000000000,0.973507520,-0.228069400,0.015754481,0.000000000,-0.225831028,-0.970093058,-0.088885056,0.000000000,0.035555959,0.082974017,-0.995917209,0.000000000,0.377243859,-0.020419488,0.269866669,1.000000000,0.973340112,-0.228501484,0.019412522,0.000000000,-0.225967952,-0.970081002,-0.088668376,0.000000000,0.039093327,0.081919457,-0.995871937,0.000000000,0.377370176,-0.020440202,0.271462507,1.000000000,-0.774379252,-0.010867225,-1.142698449,0.072631487,0.077751436,0.029539000
1774907127.000000000,422415018.000000000,0.973511850,-0.228057925,0.015652708,0.000000000,-0.225830720,-0.970100016,-0.088809863,0.000000000,0.035439167,0.082924188,-0.995925522,0.000000000,0.377185336,-0.020435556,0.269821500,1.000000000,0.973340112,-0.228501484,0.019412522,0.000000000,-0.225967952,-0.970081002,-0.088668376,0.000000000,0.039093327,0.081919457,-0.995871937,0.000000000,0.377370176,-0.020440202,0.271462507,1.000000000,0.684666219,-0.205759077,-0.895522643,0.058223726,-0.028775012,0.048208859
1774907127.000000000,456202030.000000000,0.973502609,-0.228094175,0.015699160,0.000000000,-0.225864822,-0.970096784,-0.088758429,0.000000000,0.035475668,0.082862270,-0.995929376,0.000000000,0.377166658,-0.020465453,0.269834752,1.000000000,0.973340112,-0.228501484,0.019412522,0.000000000,-0.225967952,-0.970081002,-0.088668376,0.000000000,0.039093327,0.081919457,-0.995871937,0.000000000,0.377370176,-0.020440202,0.271462507,1.000000000,0.684666219,-0.205759077,-0.895522643,0.058223726,-0.028775012,0.048208859
1774907127.000000000,490255355.000000000,0.973506390,-0.228076684,0.015718825,0.000000000,-0.225846428,-0.970102778,-0.088739721,0.000000000,0.035489020,0.082840240,-0.995930733,0.000000000,0.377164593,-0.020464948,0.269836895,1.000000000,0.973340112,-0.228501484,0.019412522,0.000000000,-0.225967952,-0.970081002,-0.088668376,0.000000000,0.039093327,0.081919457,-0.995871937,0.000000000,0.377370176,-0.020440202,0.271462507,1.000000000,1.496519233,-0.576036038,-0.274517937,0.005615796,-0.095365956,0.050483599
1774907127.000000000,524468898.000000000,0.973509236,-0.228060500,0.015777289,0.000000000,-0.225825717,-0.970108273,-0.088732355,0.000000000,0.035542708,0.082820444,-0.995930464,0.000000000,0.377186547,-0.020460916,0.269841894,1.000000000,0.973340112,-0.228501484,0.019412522,0.000000000,-0.225967952,-0.970081002,-0.088668376,0.000000000,0.039093327,0.081919457,-0.995871937,0.000000000,0.377370176,-0.020440202,0.271462507,1.000000000,1.186918107,-0.535156704,-0.474069192,0.006993873,-0.058556213,0.049563917
1774907127.000000000,558534145.000000000,0.973504962,-0.228052896,0.016146607,0.000000000,-0.225788798,-0.970120031,-0.088697749,0.000000000,0.035892616,0.082703568,-0.995927628,0.000000000,0.377270400,-0.020476973,0.269881363,1.000000000,0.973340112,-0.228501484,0.019412522,0.000000000,-0.225967952,-0.970081002,-0.088668376,0.000000000,0.039093327,0.081919457,-0.995871937,0.000000000,0.377370176,-0.020440202,0.271462507,1.000000000,-0.054532878,-0.001094762,-1.137717275,0.083367653,0.062294513,0.040445667
1774907127.000000000,592507600.000000000,0.973481693,-0.228120897,0.016583027,0.000000000,-0.225820974,-0.970113808,-0.088683905,0.000000000,0.036318775,0.082588952,-0.995921689,0.000000000,0.377368208,-0.020522463,0.269927975,1.000000000,0.973340112,-0.228501484,0.019412522,0.000000000,-0.225967952,-0.970081002,-0.088668376,0.000000000,0.039093327,0.081919457,-0.995871937,0.000000000,0.377370176,-0.020440202,0.271462507,1.000000000,-0.261730500,-0.073283977,-1.409989131,0.059755552,0.090112765,0.042845690
1774907127.000000000,626277685.000000000,0.973456767,-0.228177633,0.017252175,0.000000000,-0.225823565,-0.970116401,-0.088648930,0.000000000,0.036965033,0.082401539,-0.995913436,0.000000000,0.377516283,-0.020570295,0.270021484,1.000000000,0.973340112,-0.228501484,0.019412522,0.000000000,-0.225967952,-0.970081002,-0.088668376,0.000000000,0.039093327,0.081919457,-0.995871937,0.000000000,0.377370176,-0.020440202,0.271462507,1.000000000,-0.253920160,-0.139442068,-1.178791621,0.036932745,0.100542027,0.044466600
1774907127.000000000,660103797.000000000,0.973430729,-0.228208216,0.018285842,0.000000000,-0.225770334,-0.970132154,-0.088612109,0.000000000,0.037962426,0.082130931,-0.995898270,0.000000000,0.377770485,-0.020623709,0.270208668,1.000000000,0.973340112,-0.228501484,0.019412522,0.000000000,-0.225967952,-0.970081002,-0.088668376,0.000000000,0.039093327,0.081919457,-0.995871937,0.000000000,0.377370176,-0.020440202,0.271462507,1.000000000,-0.253920160,-0.139442068,-1.178791621,0.036932745,0.100542027,0.044466600
1774907127.000000000,693851947.000000000,0.973390261,-0.228249653,0.019855561,0.000000000,-0.225685191,-0.970157262,-0.088554103,0.000000000,0.039476220,0.081718169,-0.995873370,0.000000000,0.378154765,-0.020705614,0.270492327,1.000000000,0.973340112,-0.228501484,0.019412522,0.000000000,-0.225967952,-0.970081002,-0.088668376,0.000000000,0.039093327,0.081919457,-0.995871937,0.000000000,0.377370176,-0.020440202,0.271462507,1.000000000,-0.227696898,-0.073113531,-1.201253665,0.037833876,0.102193907,0.043558382
1774907127.000000000,728256940.000000000,0.973326423,-0.228348039,0.021762236,0.000000000,-0.225630516,-0.970176119,-0.088486804,0.000000000,0.041319786,0.081217884,-0.995839511,0.000000000,0.378619890,-0.020824421,0.270811764,1.000000000,0.973340112,-0.228501484,0.019412522,0.000000000,-0.225967952,-0.970081002,-0.088668376,0.000000000,0.039093327,0.081919457,-0.995871937,0.000000000,0.377370176,-0.020440202,0.271462507,1.000000000,0.277604709,0.115755556,-1.087587143,0.044886163,0.035225835,0.052023739
1774907127.000000000,763759374.000000000,0.973225911,-0.228521168,0.024292958,0.000000000,-0.225600028,-0.970187248,-0.088442510,0.000000000,0.043780547,0.080595603,-0.995784923,0.000000000,0.379249165,-0.020995334,0.271240985,1.000000000,0.973340112,-0.228501484,0.019412522,0.000000000,-0.225967952,-0.970081002,-0.088668376,0.000000000,0.039093327,0.081919457,-0.995871937,0.000000000,0.377370176,-0.020440202,0.271462507,1.000000000,0.226278958,0.100892691,-1.064974858,0.032234403,0.035843708,0.053007421
1774907127.000000000,796476840.000000000,0.973082249,-0.228772148,0.027477046,0.000000000,-0.225595804,-0.970190807,-0.088414246,0.000000000,0.046885597,0.079837165,-0.995704659,0.000000000,0.380083286,-0.021232287,0.271838422,1.000000000,0.973340112,-0.228501484,0.019412522,0.000000000,-0.225967952,-0.970081002,-0.088668376,0.000000000,0.039093327,0.081919457,-0.995871937,0.000000000,0.377370176,-0.020440202,0.271462507,1.000000000,0.346194221,0.247662861,-1.192991978,0.051985215,0.000703513,0.048376960
1774907127.000000000,830349206.000000000,0.972903899,-0.229065537,0.031108372,0.000000000,-0.225598536,-0.970188394,-0.088433746,0.000000000,0.050439076,0.079021055,-0.995596089,0.000000000,0.381145035,-0.021534320,0.272585292,1.000000000,0.973340112,-0.228501484,0.019412522,0.000000000,-0.225967952,-0.970081002,-0.088668376,0.000000000,0.039093327,0.081919457,-0.995871937,0.000000000,0.377370176,-0.020440202,0.271462507,1.000000000,0.346194221,0.247662861,-1.192991978,0.051985215,0.000703513,0.048376960
1774907127.000000000,863892555.000000000,0.972669857,-0.229458091,0.035257345,0.000000000,-0.225656003,-0.970162401,-0.088572178,0.000000000,0.054530004,0.078196962,-0.995445485,0.000000000,0.382506527,-0.021922969,0.273501459,1.000000000,0.973340112,-0.228501484,0.019412522,0.000000000,-0.225967952,-0.970081002,-0.088668376,0.000000000,0.039093327,0.081919457,-0.995871937,0.000000000,0.377370176,-0.020440202,0.271462507,1.000000000,0.823992740,0.114404972,-1.196547931,0.009593855,-0.096792178,0.051318171
1774907127.000000000,897969245.000000000,0.972347911,-0.230071394,0.039842695,0.000000000,-0.225889547,-0.970075104,-0.088932292,0.000000000,0.059112321,0.077474571,-0.995240385,0.000000000,0.384210052,-0.022412648,0.274581421,1.000000000,0.973340112,-0.228501484,0.019412522,0.000000000,-0.225967952,-0.970081002,-0.088668376,0.000000000,0.039093327,0.081919457,-0.995871937,0.000000000,0.377370176,-0.020440202,0.271462507,1.000000000,1.223507848,0.072986897,-1.250416510,-0.006884013,-0.185994151,0.051860238
1774907127.000000000,932173013.000000000,0.971982424,-0.230732703,0.044646759,0.000000000,-0.226141059,-0.969962240,-0.089522178,0.000000000,0.063962596,0.076918999,-0.994983545,0.000000000,0.386304533,-0.022976616,0.275840275,1.000000000,0.973340112,-0.228501484,0.019412522,0.000000000,-0.225967952,-0.970081002,-0.088668376,0.000000000,0.039093327,0.081919457,-0.995871937,0.000000000,0.377370176,-0.020440202,0.271462507,1.000000000,1.892738328,0.164348785,-1.350710317,-0.030896176,-0.326406489,0.037563334
1774907127.000000000,966063976.000000000,0.971608652,-0.231239853,0.049854837,0.000000000,-0.226193353,-0.969876479,-0.090315720,0.000000000,0.069238960,0.076476175,-0.994664446,0.000000000,0.388820880,-0.023577096,0.277199333,1.000000000,0.973340112,-0.228501484,0.019412522,0.000000000,-0.225967952,-0.970081002,-0.088668376,0.000000000,0.039093327,0.081919457,-0.995871937,0.000000000,0.377370176,-0.020440202,0.271462507,1.000000000,1.892738328,0.164348785,-1.350710317,-0.030896176,-0.326406489,0.037563334
1774907128.000000000,165939.000000000,0.971218551,-0.231618352,0.055391437,0.000000000,-0.226062636,-0.969798394,-0.091474072,0.000000000,0.074907043,0.076320851,-0.994265590,0.000000000,0.391907941,-0.024213318,0.278740879,1.000000000,0.973340112,-0.228501484,0.019412522,0.000000000,-0.225967952,-0.970081002,-0.088668376,0.000000000,0.039093327,0.081919457,-0.995871937,0.000000000,0.377370176,-0.020440202,0.271462507,1.000000000,1.927938962,0.224871127,-1.394982246,-0.054910667,-0.329946353,0.024794370
1774907128.000000000,34129619.000000000,0.970773851,-0.232086766,0.060947609,0.000000000,-0.225991910,-0.969678555,-0.092908042,0.000000000,0.080663870,0.076420502,-0.993807450,0.000000000,0.395473701,-0.024960318,0.280321746,1.000000000,0.973340112,-0.228501484,0.019412522,0.000000000,-0.225967952,-0.970081002,-0.088668376,0.000000000,0.039093327,0.081919457,-0.995871937,0.000000000,0.377370176,-0.020440202,0.271462507,1.000000000,2.195513104,0.386406944,-1.070038312,-0.122085215,-0.377978166,0.034604330
1774907128.000000000,67764759.000000000,0.970294278,-0.232531420,0.066625074,0.000000000,-0.225849252,-0.969540054,-0.094683395,0.000000000,0.086614209,0.076825012,-0.993275338,0.000000000,0.399596658,-0.025796094,0.281981532,1.000000000,0.973340112,-0.228501484,0.019412522,0.000000000,-0.225967952,-0.970081002,-0.088668376,0.000000000,0.039093327,0.081919457,-0.995871937,0.000000000,0.377370176,-0.020440202,0.271462507,1.000000000,2.195513104,0.386406944,-1.070038312,-0.122085215,-0.377978166,0.034604330
1774907128.000000000,102375030.000000000,0.969932941,-0.232824866,0.070734850,0.000000000,-0.225727191,-0.969461449,-0.095773067,0.000000000,0.090874811,0.076928154,-0.992886614,0.000000000,0.403896535,-0.027306765,0.283429071,1.000000000,0.973340112,-0.228501484,0.019412522,0.000000000,-0.225967952,-0.970081002,-0.088668376,0.000000000,0.039093327,0.081919457,-0.995871937,0.000000000,0.377370176,-0.020440202,0.271462507,1.000000000,2.667409361,0.228746356,-0.696455064,-0.173730571,-0.453470279,0.037883345
1774907128.000000000,136098861.000000000,0.969338648,-0.233918339,0.075136829,0.000000000,-0.226336960,-0.969169221,-0.097279745,0.000000000,0.095577658,0.077292263,-0.992416655,0.000000000,0.408665371,-0.029499080,0.284836624,1.000000000,0.973340112,-0.228501484,0.019412522,0.000000000,-0.225967952,-0.970081002,-0.088668376,0.000000000,0.039093327,0.081919457,-0.995871937,0.000000000,0.377370176,-0.020440202,0.271462507,1.000000000,2.835876260,-3.436803468,-1.089467216,-0.539834490,-0.286805043,0.121189677
1774907128.000000000,170230627.000000000,0.968735435,-0.235220078,0.078764955,0.000000000,-0.227087170,-0.968719017,-0.099978151,0.000000000,0.099819900,0.078967387,-0.991866997,0.000000000,0.413852447,-0.032186175,0.286119818,1.000000000,0.973340112,-0.228501484,0.019412522,0.000000000,-0.225967952,-0.970081002,-0.088668376,0.000000000,0.039093327,0.081919457,-0.995871937,0.000000000,0.377370176,-0.020440202,0.271462507,1.000000000,6.340051287,-6.276692149,0.564641610,-0.752548816,-0.773473973,0.083595836
1774907128.000000000,204334497.000000000,0.968699096,-0.234201957,0.082172090,0.000000000,-0.225497427,-0.968787845,-0.102867721,0.000000000,0.103701140,0.081119835,-0.991294934,0.000000000,0.419310588,-0.035391966,0.287396557,1.000000000,0.973340112,-0.228501484,0.019412522,0.000000000,-0.225967952,-0.970081002,-0.088668376,0.000000000,0.039093327,0.081919457,-0.995871937,0.000000000,0.377370176,-0.020440202,0.271462507,1.000000000,5.090343670,-9.346593436,0.245474491,-1.159891813,-0.476232050,0.108059702
1774907128.000000000,237806320.000000000,0.968904625,-0.232437673,0.084718968,0.000000000,-0.223001616,-0.968836908,-0.107731480,0.000000000,0.107121780,0.085490708,-0.990563609,0.000000000,0.425157985,-0.038734249,0.288398502,1.000000000,0.973340112,-0.228501484,0.019412522,0.000000000,-0.225967952,-0.970081002,-0.088668376,0.000000000,0.039093327,0.081919457,-0.995871937,0.000000000,0.377370176,-0.020440202,0.271462507,1.000000000,10.562157991,-11.198361756,4.441246686,-1.351421526,-1.127485419,0.282477500
1774907128.000000000,272225618.000000000,0.969229526,-0.230158541,0.087188984,0.000000000,-0.219950095,-0.968960856,-0.112772174,0.000000000,0.110440317,0.090126630,-0.989787920,0.000000000,0.431356006,-0.042315226,0.289146746,1.000000000,0.973340112,-0.228501484,0.019412522,0.000000000,-0.225967952,-0.970081002,-0.088668376,0.000000000,0.039093327,0.081919457,-0.995871937,0.000000000,0.377370176,-0.020440202,0.271462507,1.000000000,10.830325013,-11.888712810,3.429154526,-1.539360540,-1.059835201,0.442423508
1774907128.000000000,306082487.000000000,0.969454774,-0.228340414,0.089436258,0.000000000,-0.217416204,-0.969000645,-0.117254814,0.000000000,0.113439989,0.094230162,-0.989066249,0.000000000,0.437852096,-0.046283602,0.289554286,1.000000000,0.973340112,-0.228501484,0.019412522,0.000000000,-0.225967952,-0.970081002,-0.088668376,0.000000000,0.039093327,0.081919457,-0.995871937,0.000000000,0.377370176,-0.020440202,0.271462507,1.000000000,11.204277847,-12.351891956,3.201286987,-1.688311729,-1.006863293,0.573491867
1774907128.000000000,339950799.000000000,0.969749210,-0.226201979,0.091650870,0.000000000,-0.214486452,-0.969040937,-0.122212812,0.000000000,0.116460467,0.098859811,-0.988262970,0.000000000,0.444762454,-0.050404400,0.289535921,1.000000000,0.973340112,-0.228501484,0.019412522,0.000000000,-0.225967952,-0.970081002,-0.088668376,0.000000000,0.039093327,0.081919457,-0.995871937,0.000000000,0.377370176,-0.020440202,0.271462507,1.000000000,13.675112481,-13.925300093,4.715855536,-1.861075995,-1.290453867,0.679675155
1774907128.000000000,374792814.000000000,0.969803788,-0.225083626,0.093801499,0.000000000,-0.212594556,-0.968860600,-0.126859924,0.000000000,0.119436968,0.103089532,-0.987475245,0.000000000,0.452091066,-0.054748602,0.289054455,1.000000000,0.973340112,-0.228501484,0.019412522,0.000000000,-0.225967952,-0.970081002,-0.088668376,0.000000000,0.039093327,0.081919457,-0.995871937,0.000000000,0.377370176,-0.020440202,0.271462507,1.000000000,16.465116030,-14.132758277,7.822078819,-1.916364942,-1.647187209,0.792013661
1774907128.000000000,408116340.000000000,0.970012717,-0.223592049,0.095198060,0.000000000,-0.210512548,-0.968831880,-0.130499048,0.000000000,0.121411803,0.106547401,-0.986867177,0.000000000,0.459656244,-0.059204921,0.287905692,1.000000000,0.973340112,-0.228501484,0.019412522,0.000000000,-0.225967952,-0.970081002,-0.088668376,0.000000000,0.039093327,0.081919457,-0.995871937,0.000000000,0.377370176,-0.020440202,0.271462507,1.000000000,16.465116030,-14.132758277,7.822078819,-1.916364942,-1.647187209,0.792013661
1774907128.000000000,442274570.000000000,0.970227621,-0.222398751,0.095801391,0.000000000,-0.208880944,-0.968772824,-0.133524208,0.000000000,0.122507759,0.109539899,-0.986404004,0.000000000,0.467511020,-0.063668591,0.286157341,1.000000000,0.973340112,-0.228501484,0.019412522,0.000000000,-0.225967952,-0.970081002,-0.088668376,0.000000000,0.039093327,0.081919457,-0.995871937,0.000000000,0.377370176,-0.020440202,0.271462507,1.000000000,14.120937357,-14.806674231,6.366233308,-2.114415391,-1.324531490,0.840838139
1774907128.000000000,476153135.000000000,0.970482735,-0.221317100,0.095722247,0.000000000,-0.207489169,-0.968713022,-0.136103167,0.000000000,0.122851711,0.112226605,-0.986059149,0.000000000,0.475603852,-0.068109205,0.283847939,1.000000000,0.973340112,-0.228501484,0.019412522,0.000000000,-0.225967952,-0.970081002,-0.088668376,0.000000000,0.039093327,0.081919457,-0.995871937,0.000000000,0.377370176,-0.020440202,0.271462507,1.000000000,14.120937357,-14.806674231,6.366233308,-2.114415391,-1.324531490,0.840838139
1774907128.000000000,510272979.000000000,0.970719289,-0.220353980,0.095545448,0.000000000,-0.206324452,-0.968707956,-0.137898022,0.000000000,0.122944380,0.114149105,-0.985826892,0.000000000,0.483893915,-0.072628033,0.281025820,1.000000000,0.973340112,-0.228501484,0.019412522,0.000000000,-0.225967952,-0.970081002,-0.088668376,0.000000000,0.039093327,0.081919457,-0.995871937,0.000000000,0.377370176,-0.020440202,0.271462507,1.000000000,14.339801993,-13.775296543,8.139178179,-2.000885240,-1.354378283,0.842667495
1774907128.000000000,544171571.000000000,0.971012344,-0.219369440,0.094830494,0.000000000,-0.205249456,-0.968734171,-0.139310851,0.000000000,0.122428440,0.115810878,-0.985697275,0.000000000,0.492257338,-0.077198478,0.277565823,1.000000000,0.973340112,-0.228501484,0.019412522,0.000000000,-0.225967952,-0.970081002,-0.088668376,0.000000000,0.039093327,0.081919457,-0.995871937,0.000000000,0.377370176,-0.020440202,0.271462507,1.000000000,16.581574535,-13.098906237,9.676405570,-1.919968178,-1.763093731,0.856134778
1774907128.000000000,577785253.000000000,0.971500144,-0.217982143,0.093016138,0.000000000,-0.203967886,-0.968874132,-0.140216847,0.000000000,0.120688023,0.117250639,-0.985741695,0.000000000,0.500487581,-0.082086984,0.273364090,1.000000000,0.973340112,-0.228501484,0.019412522,0.000000000,-0.225967952,-0.970081002,-0.088668376,0.000000000,0.039093327,0.081919457,-0.995871937,0.000000000,0.377370176,-0.020440202,0.271462507,1.000000000,16.581574535,-13.098906237,9.676405570,-1.919968178,-1.763093731,0.856134778
1774907128.000000000,611897945.000000000,0.971725325,-0.217389161,0.092046682,0.000000000,-0.203339443,-0.968824154,-0.141469348,0.000000000,0.119933261,0.118754914,-0.985653734,0.000000000,0.508821393,-0.087206346,0.269044201,1.000000000,0.973340112,-0.228501484,0.019412522,0.000000000,-0.225967952,-0.970081002,-0.088668376,0.000000000,0.039093327,0.081919457,-0.995871937,0.000000000,0.377370176,-0.020440202,0.271462507,1.000000000,15.841243037,-14.420443787,7.968119234,-2.091140821,-1.704910722,0.914355380
1774907128.000000000,646352291.000000000,0.972123951,-0.216455087,0.090016473,0.000000000,-0.202452190,-0.968764041,-0.143143598,0.000000000,0.118191158,0.120931616,-0.985599510,0.000000000,0.516886967,-0.091942136,0.264247462,1.000000000,0.973340112,-0.228501484,0.019412522,0.000000000,-0.225967952,-0.970081002,-0.088668376,0.000000000,0.039093327,0.081919457,-0.995871937,0.000000000,0.377370176,-0.020440202,0.271462507,1.000000000,16.449882180,-13.087883339,13.418841051,-2.189053682,-1.688697584,0.981101809
1774907128.000000000,680305004.000000000,0.972874701,-0.214564343,0.086358008,0.000000000,-0.200824259,-0.968855923,-0.144805266,0.000000000,0.114740724,0.123536976,-0.985684119,0.000000000,0.524572170,-0.096175779,0.258820437,1.000000000,0.973340112,-0.228501484,0.019412522,0.000000000,-0.225967952,-0.970081002,-0.088668376,0.000000000,0.039093327,0.081919457,-0.995871937,0.000000000,0.377370176,-0.020440202,0.271462507,1.000000000,16.449882180,-13.087883339,13.418841051,-2.189053682,-1.688697584,0.981101809
1774907128.000000000,714356660.000000000,0.973824650,-0.211557641,0.083003995,0.000000000,-0.198172217,-0.969297444,-0.145502526,0.000000000,0.111239873,0.125247272,-0.985869571,0.000000000,0.532000504,-0.100164005,0.253113189,1.000000000,0.973340112,-0.228501484,0.019412522,0.000000000,-0.225967952,-0.970081002,-0.088668376,0.000000000,0.039093327,0.081919457,-0.995871937,0.000000000,0.377370176,-0.020440202,0.271462507,1.000000000,15.132739788,-9.569737937,9.861459007,-2.008698132,-1.541364398,1.181165271
1774907128.000000000,747830867.000000000,0.974574780,-0.208973736,0.080713834,0.000000000,-0.195869456,-0.969735927,-0.145698784,0.000000000,0.108720417,0.126187415,-0.986030733,0.000000000,0.539020747,-0.104206970,0.247039323,1.000000000,0.973340112,-0.228501484,0.019412522,0.000000000,-0.225967952,-0.970081002,-0.088668376,0.000000000,0.039093327,0.081919457,-0.995871937,0.000000000,0.377370176,-0.020440202,0.271462507,1.000000000,15.132739788,-9.569737937,9.861459007,-2.008698132,-1.541364398,1.181165271
1774907128.000000000,782285213.000000000,0.975287652,-0.206947136,0.077250413,0.000000000,-0.194233222,-0.969976653,-0.146285664,0.000000000,0.105206522,0.127668463,-0.986221249,0.000000000,0.545278475,-0.108015445,0.240554894,1.000000000,0.973340112,-0.228501484,0.019412522,0.000000000,-0.225967952,-0.970081002,-0.088668376,0.000000000,0.039093327,0.081919457,-0.995871937,0.000000000,0.377370176,-0.020440202,0.271462507,1.000000000,17.371581958,-9.021170923,12.477268560,-2.011450580,-1.800410022,1.321480981
1774907128.000000000,815903663.000000000,0.975981553,-0.204807755,0.074125160,0.000000000,-0.192554900,-0.970377504,-0.145845316,0.000000000,0.101801599,0.128071641,-0.986526274,0.000000000,0.550920268,-0.111943458,0.234016050,1.000000000,0.973340112,-0.228501484,0.019412522,0.000000000,-0.225967952,-0.970081002,-0.088668376,0.000000000,0.039093327,0.081919457,-0.995871937,0.000000000,0.377370176,-0.020440202,0.271462507,1.000000000,20.082237043,-8.150097111,12.020460697,-1.966053957,-2.202703747,1.387285987
1774907128.000000000,850220203.000000000,0.976431546,-0.203498445,0.071767446,0.000000000,-0.191599442,-0.970628050,-0.145435859,0.000000000,0.099257378,0.128260028,-0.986761034,0.000000000,0.555941764,-0.115691516,0.227602353,1.000000000,0.973340112,-0.228501484,0.019412522,0.000000000,-0.225967952,-0.970081002,-0.088668376,0.000000000,0.039093327,0.081919457,-0.995871937,0.000000000,0.377370176,-0.020440202,0.271462507,1.000000000,19.756702342,-8.309141208,11.224821883,-1.945286367,-2.044303781,1.455173284
1774907128.000000000,884135484.000000000,0.976812001,-0.202469085,0.069464602,0.000000000,-0.190945061,-0.970864578,-0.144715936,0.000000000,0.096743088,0.128098807,-0.987031646,0.000000000,0.560159227,-0.119225141,0.221358754,1.000000000,0.973340112,-0.228501484,0.019412522,0.000000000,-0.225967952,-0.970081002,-0.088668376,0.000000000,0.039093327,0.081919457,-0.995871937,0.000000000,0.377370176,-0.020440202,0.271462507,1.000000000,21.283442300,-7.375853143,12.746189695,-2.004240332,-2.104179482,1.610197524
1774907128.000000000,918030023.000000000,0.977139553,-0.201570538,0.067441522,0.000000000,-0.190416404,-0.971127965,-0.143641272,0.000000000,0.094450015,0.127518052,-0.987328892,0.000000000,0.563696279,-0.122656369,0.215492305,1.000000000,0.973340112,-0.228501484,0.019412522,0.000000000,-0.225967952,-0.970081002,-0.088668376,0.000000000,0.039093327,0.081919457,-0.995871937,0.000000000,0.377370176,-0.020440202,0.271462507,1.000000000,22.603927400,-7.035666777,14.539288170,-1.957606024,-2.194795417,1.669527334
1774907128.000000000,951834678.000000000,0.977488518,-0.200418813,0.065796983,0.000000000,-0.189634243,-0.971517881,-0.142030306,0.000000000,0.092390270,0.126358065,-0.987672859,0.000000000,0.566339016,-0.126094502,0.209688746,1.000000000,0.973340112,-0.228501484,0.019412522,0.000000000,-0.225967952,-0.970081002,-0.088668376,0.000000000,0.039093327,0.081919457,-0.995871937,0.000000000,0.377370176,-0.020440202,0.271462507,1.000000000,22.603927400,-7.035666777,14.539288170,-1.957606024,-2.194795417,1.669527334
1774907128.000000000,986410140.000000000,0.977692597,-0.200008454,0.063988680,0.000000000,-0.189554733,-0.971689321,-0.140959619,0.000000000,0.090371973,0.125688239,-0.987945025,0.000000000,0.568292483,-0.129173791,0.204138666,1.000000000,0.973340112,-0.228501484,0.019412522,0.000000000,-0.225967952,-0.970081002,-0.088668376,0.000000000,0.039093327,0.081919457,-0.995871937,0.000000000,0.377370176,-0.020440202,0.271462507,1.000000000,24.299112573,-7.305162554,13.463061544,-2.035530525,-2.356956741,1.784117224
1774907129.000000000,20743370.000000000,0.977794595,-0.199842541,0.062939945,0.000000000,-0.189627453,-0.971842961,-0.139797837,0.000000000,0.089107013,0.124760830,-0.988177451,0.000000000,0.569750137,-0.131799667,0.199385527,1.000000000,0.973340112,-0.228501484,0.019412522,0.000000000,-0.225967952,-0.970081002,-0.088668376,0.000000000,0.039093327,0.081919457,-0.995871937,0.000000000,0.377370176,-0.020440202,0.271462507,1.000000000,25.511727635,-5.652153264,16.202366533,-1.941975416,-2.492196670,1.776255796
1774907129.000000000,54252624.000000000,0.977828367,-0.199986682,0.061949643,0.000000000,-0.190016860,-0.971962647,-0.138430319,0.000000000,0.087898651,0.123591996,-0.988432520,0.000000000,0.570535463,-0.134362167,0.194722583,1.000000000,0.973340112,-0.228501484,0.019412522,0.000000000,-0.225967952,-0.970081002,-0.088668376,0.000000000,0.039093327,0.081919457,-0.995871937,0.000000000,0.377370176,-0.020440202,0.271462507,1.000000000,25.080246543,-5.906106704,14.762060295,-1.927074588,-2.484930417,1.758092484
1774907129.000000000,88001489.000000000,0.977775557,-0.200458741,0.061253575,0.000000000,-0.190679503,-0.972004774,-0.137218048,0.000000000,0.087047001,0.122491011,-0.988644917,0.000000000,0.570620734,-0.136989430,0.190925413,1.000000000,0.973340112,-0.228501484,0.019412522,0.000000000,-0.225967952,-0.970081002,-0.088668376,0.000000000,0.039093327,0.081919457,-0.995871937,0.000000000,0.377370176,-0.020440202,0.271462507,1.000000000,25.080246543,-5.906106704,14.762060295,-1.927074588,-2.484930417,1.758092484
1774907129.000000000,121864080.000000000,0.977861843,-0.200281462,0.060450803,0.000000000,-0.190644448,-0.972079917,-0.136733598,0.000000000,0.086149876,0.122184311,-0.988761444,0.000000000,0.570121930,-0.139426798,0.187480877,1.000000000,0.973340112,-0.228501484,0.019412522,0.000000000,-0.225967952,-0.970081002,-0.088668376,0.000000000,0.039093327,0.081919457,-0.995871937,0.000000000,0.377370176,-0.020440202,0.271462507,1.000000000,26.084162872,-6.532215510,17.305746427,-2.025629800,-2.570522120,1.800965199
1774907129.000000000,156461477.000000000,0.977985298,-0.200134863,0.058919776,0.000000000,-0.190725812,-0.972127640,-0.136280087,0.000000000,0.084553568,0.122044749,-0.988916464,0.000000000,0.569220315,-0.141935053,0.184707794,1.000000000,0.973340112,-0.228501484,0.019412522,0.000000000,-0.225967952,-0.970081002,-0.088668376,0.000000000,0.039093327,0.081919457,-0.995871937,0.000000000,0.377370176,-0.020440202,0.271462507,1.000000000,25.151616628,-6.707104371,15.262481336,-2.110581582,-2.444136207,1.823725132
1774907129.000000000,190511465.000000000,0.978227165,-0.199645680,0.056515163,0.000000000,-0.190592580,-0.972250533,-0.135588037,0.000000000,0.082018042,0.121866876,-0.989151912,0.000000000,0.567913740,-0.144453244,0.182636725,1.000000000,0.973340112,-0.228501484,0.019412522,0.000000000,-0.225967952,-0.970081002,-0.088668376,0.000000000,0.039093327,0.081919457,-0.995871937,0.000000000,0.377370176,-0.020440202,0.271462507,1.000000000,24.046850692,-8.431613057,15.955082018,-2.234946895,-2.189604419,1.827260497
1774907129.000000000,224228620.000000000,0.978355184,-0.199682084,0.054119738,0.000000000,-0.190997915,-0.972301120,-0.134651684,0.000000000,0.079509742,0.121402753,-0.989413752,0.000000000,0.566374789,-0.147094485,0.181101446,1.000000000,0.973340112,-0.228501484,0.019412522,0.000000000,-0.225967952,-0.970081002,-0.088668376,0.000000000,0.039093327,0.081919457,-0.995871937,0.000000000,0.377370176,-0.020440202,0.271462507,1.000000000,24.046850692,-8.431613057,15.955082018,-2.234946895,-2.189604419,1.827260497
1774907129.000000000,259199857.000000000,0.978363325,-0.200135127,0.052267401,0.000000000,-0.191759390,-0.972300849,-0.133566998,0.000000000,0.077552580,0.120656611,-0.989660336,0.000000000,0.564901726,-0.149377776,0.180099720,1.000000000,0.973340112,-0.228501484,0.019412522,0.000000000,-0.225967952,-0.970081002,-0.088668376,0.000000000,0.039093327,0.081919457,-0.995871937,0.000000000,0.377370176,-0.020440202,0.271462507,1.000000000,23.402363553,-8.894805973,15.667454510,-2.224607156,-2.110561034,1.828227134
1774907129.000000000,291981935.000000000,0.978113758,-0.201777248,0.050598083,0.000000000,-0.193666422,-0.972052532,-0.132619527,0.000000000,0.075945060,0.119920143,-0.989874491,0.000000000,0.563647057,-0.151168714,0.179407888,1.000000000,0.973340112,-0.228501484,0.019412522,0.000000000,-0.225967952,-0.970081002,-0.088668376,0.000000000,0.039093327,0.081919457,-0.995871937,0.000000000,0.377370176,-0.020440202,0.271462507,1.000000000,21.643599308,-7.328640330,15.355641731,-2.023239629,-1.939818602,1.724122393
1774907129.000000000,326157331.000000000,0.977717928,-0.204074856,0.049008695,0.000000000,-0.196201832,-0.971653602,-0.131813756,0.000000000,0.074520784,0.119263373,-0.990062069,0.000000000,0.562521977,-0.152679326,0.178951393,1.000000000,0.973340112,-0.228501484,0.019412522,0.000000000,-0.225967952,-0.970081002,-0.088668376,0.000000000,0.039093327,0.081919457,-0.995871937,0.000000000,0.377370176,-0.020440202,0.271462507,1.000000000,16.448703934,-4.138165683,12.869960895,-1.650782516,-1.497657621,1.369330699
1774907129.000000000,360524177.000000000,0.977349652,-0.206182379,0.047510334,0.000000000,-0.198530573,-0.971280966,-0.131071142,0.000000000,0.073171852,0.118672366,-0.990233684,0.000000000,0.561537313,-0.153955995,0.178666069,1.000000000,0.973340112,-0.228501484,0.019412522,0.000000000,-0.225967952,-0.970081002,-0.088668376,0.000000000,0.039093327,0.081919457,-0.995871937,0.000000000,0.377370176,-0.020440202,0.271462507,1.000000000,13.846883344,-3.259203537,11.004254777,-1.581538228,-1.316130848,1.218055362
1774907129.000000000,394350290.000000000,0.977062677,-0.207858865,0.046086494,0.000000000,-0.200412892,-0.970980802,-0.130428915,0.000000000,0.071861290,0.118203173,-0.990385766,0.000000000,0.560683428,-0.155004990,0.178482739,1.000000000,0.973340112,-0.228501484,0.019412522,0.000000000,-0.225967952,-0.970081002,-0.088668376,0.000000000,0.039093327,0.081919457,-0.995871937,0.000000000,0.377370176,-0.020440202,0.271462507,1.000000000,11.368457359,-1.978910037,9.297938030,-1.523134612,-1.161081229,1.121065174
1774907129.000000000,430914640.000000000,0.976806187,-0.209269911,0.045127861,0.000000000,-0.201969553,-0.970734287,-0.129861429,0.000000000,0.070984618,0.117737260,-0.990504478,0.000000000,0.560040208,-0.155892498,0.178320502,1.000000000,0.973340112,-0.228501484,0.019412522,0.000000000,-0.225967952,-0.970081002,-0.088668376,0.000000000,0.039093327,0.081919457,-0.995871937,0.000000000,0.377370176,-0.020440202,0.271462507,1.000000000,11.368457359,-1.978910037,9.297938030,-1.523134612,-1.161081229,1.121065174
1774907129.000000000,464795827.000000000,0.976500826,-0.210887309,0.044197596,0.000000000,-0.203734393,-0.970455112,-0.129189474,0.000000000,0.070137553,0.117151313,-0.990634288,0.000000000,0.559481478,-0.156923919,0.177976994,1.000000000,0.973340112,-0.228501484,0.019412522,0.000000000,-0.225967952,-0.970081002,-0.088668376,0.000000000,0.039093327,0.081919457,-0.995871937,0.000000000,0.377370176,-0.020440202,0.271462507,1.000000000,8.611341082,-1.185903931,7.129288264,-1.450673277,-0.982781947,0.998537178
1774907129.000000000,499254703.000000000,0.976178000,-0.212588051,0.043169197,0.000000000,-0.205598175,-0.970162092,-0.128435404,0.000000000,0.069186283,0.116502550,-0.990777681,0.000000000,0.558974776,-0.157962806,0.177496862,1.000000000,0.973340112,-0.228501484,0.019412522,0.000000000,-0.225967952,-0.970081002,-0.088668376,0.000000000,0.039093327,0.081919457,-0.995871937,0.000000000,0.377370176,-0.020440202,0.271462507,1.000000000,5.572449096,-1.047545689,4.739988646,-1.398616666,-0.756846598,0.829785785
1774907129.000000000,533307075.000000000,0.975868136,-0.214224025,0.042073694,0.000000000,-0.207416474,-0.969898371,-0.127500207,0.000000000,0.068122126,0.115698839,-0.990945586,0.000000000,0.558502384,-0.159021671,0.176927907,1.000000000,0.973340112,-0.228501484,0.019412522,0.000000000,-0.225967952,-0.970081002,-0.088668376,0.000000000,0.039093327,0.081919457,-0.995871937,0.000000000,0.377370176,-0.020440202,0.271462507,1.000000000,2.876395642,-1.114098023,2.006694731,-1.296876031,-0.526285807,0.665926438
1774907129.000000000,567112207.000000000,0.975604851,-0.215640693,0.040926937,0.000000000,-0.209034870,-0.969700412,-0.126357748,0.000000000,0.066936028,0.114722283,-0.991139933,0.000000000,0.558013371,-0.160111916,0.176326446,1.000000000,0.973340112,-0.228501484,0.019412522,0.000000000,-0.225967952,-0.970081002,-0.088668376,0.000000000,0.039093327,0.081919457,-0.995871937,0.000000000,0.377370176,-0.020440202,0.271462507,1.000000000,0.143802016,-0.586597502,-0.585888772,-1.106087622,-0.281260656,0.466666097
1774907129.000000000,600890874.000000000,0.975363893,-0.216917567,0.039909802,0.000000000,-0.210492780,-0.969524830,-0.125280248,0.000000000,0.065870299,0.113795296,-0.991318180,0.000000000,0.557507742,-0.161293430,0.175769307,1.000000000,0.973340112,-0.228501484,0.019412522,0.000000000,-0.225967952,-0.970081002,-0.088668376,0.000000000,0.039093327,0.081919457,-0.995871937,0.000000000,0.377370176,-0.020440202,0.271462507,1.000000000,0.143802016,-0.586597502,-0.585888772,-1.106087622,-0.281260656,0.466666097
1774907129.000000000,636808872.000000000,0.975082098,-0.218331453,0.039077179,0.000000000,-0.212058629,-0.969311777,-0.124284205,0.000000000,0.065014372,0.112902824,-0.991476719,0.000000000,0.556996112,-0.162568192,0.175309155,1.000000000,0.973340112,-0.228501484,0.019412522,0.000000000,-0.225967952,-0.970081002,-0.088668376,0.000000000,0.039093327,0.081919457,-0.995871937,0.000000000,0.377370176,-0.020440202,0.271462507,1.000000000,-0.234611056,-0.815208863,-0.837226266,-1.107946895,-0.257189224,0.406346259
