ros_time_sec,ros_time_nsec,O_T_EE_0,O_T_EE_1,O_T_EE_2,O_T_EE_3,O_T_EE_4,O_T_EE_5,O_T_EE_6,O_T_EE_7,O_T_EE_8,O_T_EE_9,O_T_EE_10,O_T_EE_11,O_T_EE_12,O_T_EE_13,O_T_EE_14,O_T_EE_15,O_T_EE_d_0,O_T_EE_d_1,O_T_EE_d_2,O_T_EE_d_3,O_T_EE_d_4,O_T_EE_d_5,O_T_EE_d_6,O_T_EE_d_7,O_T_EE_d_8,O_T_EE_d_9,O_T_EE_d_10,O_T_EE_d_11,O_T_EE_d_12,O_T_EE_d_13,O_T_EE_d_14,O_T_EE_d_15,F_ext_x,F_ext_y,F_ext_z,F_ext_wx,F_ext_wy,F_ext_wz
1774926892.000000000,385248661.000000000,0.989690755,-0.142946931,-0.007689643,0.000000000,-0.143144066,-0.987575831,-0.064687717,0.000000000,0.001652837,0.065122816,-0.997875888,0.000000000,0.492996067,0.061217575,0.211481550,1.000000000,0.989147455,-0.146857898,0.000904136,0.000000000,-0.146466857,-0.986926794,-0.067109693,0.000000000,0.010748112,0.066250232,-0.997745150,0.000000000,0.498323214,0.059644727,0.217160566,1.000000000,0.104958904,0.354296819,-0.513448889,0.077378251,0.123308733,0.127834929
1774926892.000000000,418960332.000000000,0.989690250,-0.142950033,-0.007697002,0.000000000,-0.143147640,-0.987575251,-0.064688674,0.000000000,0.001645911,0.065124811,-0.997875769,0.000000000,0.492994489,0.061214990,0.211478090,1.000000000,0.989147455,-0.146857898,0.000904136,0.000000000,-0.146466857,-0.986926794,-0.067109693,0.000000000,0.010748112,0.066250232,-0.997745150,0.000000000,0.498323214,0.059644727,0.217160566,1.000000000,0.104958904,0.354296819,-0.513448889,0.077378251,0.123308733,0.127834929
1774926892.000000000,453839063.000000000,0.989682224,-0.143005858,-0.007692030,0.000000000,-0.143203026,-0.987567383,-0.064686198,0.000000000,0.001654139,0.065121556,-0.997875968,0.000000000,0.492998102,0.061186886,0.211480545,1.000000000,0.989147455,-0.146857898,0.000904136,0.000000000,-0.146466857,-0.986926794,-0.067109693,0.000000000,0.010748112,0.066250232,-0.997745150,0.000000000,0.498323214,0.059644727,0.217160566,1.000000000,0.221903630,0.187071994,-0.637556916,0.052202085,0.093390888,0.127559093
1774926892.000000000,487360000.000000000,0.989675670,-0.143052006,-0.007677200,0.000000000,-0.143248106,-0.987560711,-0.064688241,0.000000000,0.001672114,0.065121377,-0.997875949,0.000000000,0.493005864,0.061166301,0.211485681,1.000000000,0.989147455,-0.146857898,0.000904136,0.000000000,-0.146466857,-0.986926794,-0.067109693,0.000000000,0.010748112,0.066250232,-0.997745150,0.000000000,0.498323214,0.059644727,0.217160566,1.000000000,0.221903630,0.187071994,-0.637556916,0.052202085,0.093390888,0.127559093
1774926892.000000000,521012783.000000000,0.989670496,-0.143089121,-0.007652451,0.000000000,-0.143283532,-0.987555636,-0.064687267,0.000000000,0.001698856,0.065116804,-0.997876203,0.000000000,0.493014733,0.061147081,0.211495211,1.000000000,0.989147455,-0.146857898,0.000904136,0.000000000,-0.146466857,-0.986926794,-0.067109693,0.000000000,0.010748112,0.066250232,-0.997745150,0.000000000,0.498323214,0.059644727,0.217160566,1.000000000,0.112341921,0.013647710,-0.609637701,0.032250989,0.105766504,0.125022919
1774926892.000000000,555517435.000000000,0.989665758,-0.143120956,-0.007669871,0.000000000,-0.143316425,-0.987550563,-0.064691840,0.000000000,0.001684405,0.065123771,-0.997875772,0.000000000,0.493014160,0.061130322,0.211486617,1.000000000,0.989147455,-0.146857898,0.000904136,0.000000000,-0.146466857,-0.986926794,-0.067109693,0.000000000,0.010748112,0.066250232,-0.997745150,0.000000000,0.498323214,0.059644727,0.217160566,1.000000000,-0.025607754,-0.031003365,-0.493568097,0.034537161,0.129184234,0.116812076
1774926892.000000000,589461088.000000000,0.989663804,-0.143136487,-0.007632109,0.000000000,-0.143329460,-0.987548518,-0.064694177,0.000000000,0.001723053,0.065120645,-0.997875910,0.000000000,0.493027155,0.061121096,0.211500219,1.000000000,0.989147455,-0.146857898,0.000904136,0.000000000,-0.146466857,-0.986926794,-0.067109693,0.000000000,0.010748112,0.066250232,-0.997745150,0.000000000,0.498323214,0.059644727,0.217160566,1.000000000,-0.025607754,-0.031003365,-0.493568097,0.034537161,0.129184234,0.116812076
1774926892.000000000,623197793.000000000,0.989663168,-0.143144373,-0.007566375,0.000000000,-0.143333008,-0.987546491,-0.064717268,0.000000000,0.001791800,0.065134062,-0.997874914,0.000000000,0.493058792,0.061123761,0.211525157,1.000000000,0.989147455,-0.146857898,0.000904136,0.000000000,-0.146466857,-0.986926794,-0.067109693,0.000000000,0.010748112,0.066250232,-0.997745150,0.000000000,0.498323214,0.059644727,0.217160566,1.000000000,-0.206689896,0.028145131,-0.526673838,0.045214626,0.155463430,0.114951812
1774926892.000000000,657618522.000000000,0.989667502,-0.143117465,-0.007508245,0.000000000,-0.143302363,-0.987550647,-0.064721704,0.000000000,0.001848070,0.065130170,-0.997875065,0.000000000,0.493075335,0.061137120,0.211547044,1.000000000,0.989147455,-0.146857898,0.000904136,0.000000000,-0.146466857,-0.986926794,-0.067109693,0.000000000,0.010748112,0.066250232,-0.997745150,0.000000000,0.498323214,0.059644727,0.217160566,1.000000000,-0.322398677,0.208081016,-0.497826204,0.061266698,0.182010499,0.123974050
1774926892.000000000,691540241.000000000,0.989668767,-0.143110920,-0.007466136,0.000000000,-0.143293054,-0.987550759,-0.064740610,0.000000000,0.001891936,0.065142860,-0.997874155,0.000000000,0.493091951,0.061145000,0.211555182,1.000000000,0.989147455,-0.146857898,0.000904136,0.000000000,-0.146466857,-0.986926794,-0.067109693,0.000000000,0.010748112,0.066250232,-0.997745150,0.000000000,0.498323214,0.059644727,0.217160566,1.000000000,-0.322398677,0.208081016,-0.497826204,0.061266698,0.182010499,0.123974050
1774926892.000000000,725978374.000000000,0.989665308,-0.143140935,-0.007348307,0.000000000,-0.143315283,-0.987546024,-0.064763631,0.000000000,0.002013574,0.065148698,-0.997873535,0.000000000,0.493128458,0.061134146,0.211581895,1.000000000,0.989147455,-0.146857898,0.000904136,0.000000000,-0.146466857,-0.986926794,-0.067109693,0.000000000,0.010748112,0.066250232,-0.997745150,0.000000000,0.498323214,0.059644727,0.217160566,1.000000000,-0.366907753,0.365993708,-0.603840999,0.083658278,0.194226095,0.118214717
1774926892.000000000,759067058.000000000,0.989665121,-0.143146810,-0.007258564,0.000000000,-0.143315240,-0.987544155,-0.064792217,0.000000000,0.002106687,0.065164115,-0.997872337,0.000000000,0.493163192,0.061135780,0.211605486,1.000000000,0.989147455,-0.146857898,0.000904136,0.000000000,-0.146466857,-0.986926794,-0.067109693,0.000000000,0.010748112,0.066250232,-0.997745150,0.000000000,0.498323214,0.059644727,0.217160566,1.000000000,-0.592283888,0.366128833,-0.641611643,0.083220741,0.232408208,0.120330908
1774926892.000000000,793178558.000000000,0.989662728,-0.143174635,-0.007032443,0.000000000,-0.143328156,-0.987538964,-0.064842745,0.000000000,0.002339070,0.065181650,-0.997870674,0.000000000,0.493232838,0.061132953,0.211651793,1.000000000,0.989147455,-0.146857898,0.000904136,0.000000000,-0.146466857,-0.986926794,-0.067109693,0.000000000,0.010748112,0.066250232,-0.997745150,0.000000000,0.498323214,0.059644727,0.217160566,1.000000000,-0.592283888,0.366128833,-0.641611643,0.083220741,0.232408208,0.120330908
1774926892.000000000,827392816.000000000,0.989653007,-0.143253461,-0.006791096,0.000000000,-0.143391007,-0.987527832,-0.064873311,0.000000000,0.002586980,0.065177104,-0.997870359,0.000000000,0.493305848,0.061096377,0.211713668,1.000000000,0.989147455,-0.146857898,0.000904136,0.000000000,-0.146466857,-0.986926794,-0.067109693,0.000000000,0.010748112,0.066250232,-0.997745150,0.000000000,0.498323214,0.059644727,0.217160566,1.000000000,-0.502521039,0.144967667,-0.529327742,0.050999073,0.233312032,0.118510220
1774926892.000000000,861399650.000000000,0.989634642,-0.143391775,-0.006543805,0.000000000,-0.143512707,-0.987505461,-0.064944696,0.000000000,0.002850547,0.065211895,-0.997867367,0.000000000,0.493395856,0.061043300,0.211761500,1.000000000,0.989147455,-0.146857898,0.000904136,0.000000000,-0.146466857,-0.986926794,-0.067109693,0.000000000,0.010748112,0.066250232,-0.997745150,0.000000000,0.498323214,0.059644727,0.217160566,1.000000000,-0.379906443,0.226955284,-0.720065299,0.067354625,0.211166647,0.109108865
1774926892.000000000,895256280.000000000,0.989607372,-0.143604465,-0.005979366,0.000000000,-0.143687769,-0.987472597,-0.065057230,0.000000000,0.003438115,0.065241532,-0.997863579,0.000000000,0.493568308,0.060957121,0.211871553,1.000000000,0.989147455,-0.146857898,0.000904136,0.000000000,-0.146466857,-0.986926794,-0.067109693,0.000000000,0.010748112,0.066250232,-0.997745150,0.000000000,0.498323214,0.059644727,0.217160566,1.000000000,-0.379906443,0.226955284,-0.720065299,0.067354625,0.211166647,0.109108865
1774926892.000000000,929197072.000000000,0.989568916,-0.143906271,-0.005009251,0.000000000,-0.143924866,-0.987425638,-0.065245603,0.000000000,0.004443074,0.065287234,-0.997856621,0.000000000,0.493865381,0.060838758,0.212071592,1.000000000,0.989147455,-0.146857898,0.000904136,0.000000000,-0.146466857,-0.986926794,-0.067109693,0.000000000,0.010748112,0.066250232,-0.997745150,0.000000000,0.498323214,0.059644727,0.217160566,1.000000000,-0.170069677,0.260542900,-0.912253081,0.072939871,0.184592188,0.095730548
1774926892.000000000,963650703.000000000,0.989505876,-0.144370720,-0.003995326,0.000000000,-0.144321044,-0.987354033,-0.065453777,0.000000000,0.005504914,0.065344765,-0.997847562,0.000000000,0.494198801,0.060643618,0.212298941,1.000000000,0.989147455,-0.146857898,0.000904136,0.000000000,-0.146466857,-0.986926794,-0.067109693,0.000000000,0.010748112,0.066250232,-0.997745150,0.000000000,0.498323214,0.059644727,0.217160566,1.000000000,-0.264811465,0.033303850,-0.599213842,0.048090973,0.207158946,0.082610346
1774926892.000000000,997538566.000000000,0.989424135,-0.144960436,-0.002664458,0.000000000,-0.144820667,-0.987261781,-0.065741141,0.000000000,0.006899480,0.065433000,-0.997833112,0.000000000,0.494647871,0.060389494,0.212592755,1.000000000,0.989147455,-0.146857898,0.000904136,0.000000000,-0.146466857,-0.986926794,-0.067109693,0.000000000,0.010748112,0.066250232,-0.997745150,0.000000000,0.498323214,0.059644727,0.217160566,1.000000000,-0.057937261,0.118231224,-0.684518369,0.063181869,0.163825886,0.064696457
1774926893.000000000,31701803.000000000,0.989315132,-0.145724990,-0.000736802,0.000000000,-0.145454645,-0.987145656,-0.066084390,0.000000000,0.008902988,0.065486719,-0.997813723,0.000000000,0.495261139,0.060029905,0.213002746,1.000000000,0.989147455,-0.146857898,0.000904136,0.000000000,-0.146466857,-0.986926794,-0.067109693,0.000000000,0.010748112,0.066250232,-0.997745150,0.000000000,0.498323214,0.059644727,0.217160566,1.000000000,-0.057937261,0.118231224,-0.684518369,0.063181869,0.163825886,0.064696457
1774926893.000000000,65516948.000000000,0.989178660,-0.146640312,0.001715883,0.000000000,-0.146202900,-0.987006335,-0.066512801,0.000000000,0.011447265,0.065543438,-0.997784054,0.000000000,0.496090358,0.059554938,0.213556579,1.000000000,0.989147455,-0.146857898,0.000904136,0.000000000,-0.146466857,-0.986926794,-0.067109693,0.000000000,0.010748112,0.066250232,-0.997745150,0.000000000,0.498323214,0.059644727,0.217160566,1.000000000,0.368733866,0.337834448,-1.014677311,0.095244655,0.076580230,0.009184484
1774926893.000000000,99047660.000000000,0.989020957,-0.147637264,0.004640250,0.000000000,-0.147000310,-0.986858271,-0.066950795,0.000000000,0.014463980,0.065534883,-0.997745445,0.000000000,0.497146337,0.058929652,0.214333518,1.000000000,0.989147455,-0.146857898,0.000904136,0.000000000,-0.146466857,-0.986926794,-0.067109693,0.000000000,0.010748112,0.066250232,-0.997745150,0.000000000,0.498323214,0.059644727,0.217160566,1.000000000,0.368733866,0.337834448,-1.014677311,0.095244655,0.076580230,0.009184484
1774926893.000000000,133805036.000000000,0.988832566,-0.148757999,0.007871493,0.000000000,-0.147897654,-0.986685984,-0.067511480,0.000000000,0.017809907,0.065594638,-0.997687401,0.000000000,0.498434693,0.058203792,0.215350780,1.000000000,0.989147455,-0.146857898,0.000904136,0.000000000,-0.146466857,-0.986926794,-0.067109693,0.000000000,0.010748112,0.066250232,-0.997745150,0.000000000,0.498323214,0.059644727,0.217160566,1.000000000,1.335032178,0.183385112,-1.248050831,0.055743401,-0.088252982,-0.047351545
1774926893.000000000,167413473.000000000,0.988640490,-0.149789781,0.011564999,0.000000000,-0.148670830,-0.986521658,-0.068211063,0.000000000,0.021626859,0.065718106,-0.997603834,0.000000000,0.500052415,0.057348836,0.216691611,1.000000000,0.989147455,-0.146857898,0.000904136,0.000000000,-0.146466857,-0.986926794,-0.067109693,0.000000000,0.010748112,0.066250232,-0.997745150,0.000000000,0.498323214,0.059644727,0.217160566,1.000000000,1.335032178,0.183385112,-1.248050831,0.055743401,-0.088252982,-0.047351545
1774926893.000000000,201305627.000000000,0.988398748,-0.150987566,0.015856133,0.000000000,-0.149564848,-0.986331555,-0.069001208,0.000000000,0.026058231,0.065830455,-0.997490511,0.000000000,0.502001395,0.056291720,0.218370438,1.000000000,0.989147455,-0.146857898,0.000904136,0.000000000,-0.146466857,-0.986926794,-0.067109693,0.000000000,0.010748112,0.066250232,-0.997745150,0.000000000,0.498323214,0.059644727,0.217160566,1.000000000,1.618048210,0.300145105,-1.440693364,0.040781534,-0.127008525,-0.090645314
1774926893.000000000,237981557.000000000,0.988156463,-0.151973135,0.020777796,0.000000000,-0.150194729,-0.986164735,-0.070010047,0.000000000,0.031130576,0.066061437,-0.997329822,0.000000000,0.504288169,0.055088775,0.220326021,1.000000000,0.989147455,-0.146857898,0.000904136,0.000000000,-0.146466857,-0.986926794,-0.067109693,0.000000000,0.010748112,0.066250232,-0.997745150,0.000000000,0.498323214,0.059644727,0.217160566,1.000000000,1.618048210,0.300145105,-1.440693364,0.040781534,-0.127008525,-0.090645314
1774926893.000000000,272050619.000000000,0.987775748,-0.153415751,0.027265835,0.000000000,-0.151148244,-0.985903857,-0.071613832,0.000000000,0.037868911,0.066618506,-0.997059637,0.000000000,0.507521122,0.053545959,0.223045124,1.000000000,0.989147455,-0.146857898,0.000904136,0.000000000,-0.146466857,-0.986926794,-0.067109693,0.000000000,0.010748112,0.066250232,-0.997745150,0.000000000,0.498323214,0.059644727,0.217160566,1.000000000,2.260222883,0.628736570,-1.396120099,0.054819686,-0.272071876,-0.135230305
1774926893.000000000,305167913.000000000,0.987398155,-0.154510230,0.033944343,0.000000000,-0.151718958,-0.985685051,-0.073396764,0.000000000,0.044799845,0.067323125,-0.996724922,0.000000000,0.510975464,0.051902506,0.225848109,1.000000000,0.989147455,-0.146857898,0.000904136,0.000000000,-0.146466857,-0.986926794,-0.067109693,0.000000000,0.010748112,0.066250232,-0.997745150,0.000000000,0.498323214,0.059644727,0.217160566,1.000000000,2.260222883,0.628736570,-1.396120099,0.054819686,-0.272071876,-0.135230305
1774926893.000000000,339952230.000000000,0.987048125,-0.154992173,0.041160335,0.000000000,-0.151610383,-0.985547100,-0.075445025,0.000000000,0.052259843,0.068228850,-0.996300022,0.000000000,0.514934527,0.050056939,0.228822673,1.000000000,0.989147455,-0.146857898,0.000904136,0.000000000,-0.146466857,-0.986926794,-0.067109693,0.000000000,0.010748112,0.066250232,-0.997745150,0.000000000,0.498323214,0.059644727,0.217160566,1.000000000,3.225207735,0.963706491,-1.933762493,0.025913288,-0.454106401,-0.133720149
1774926893.000000000,373320102.000000000,0.986696585,-0.155079714,0.048588861,0.000000000,-0.151047801,-0.985444154,-0.077878929,0.000000000,0.059960206,0.069504971,-0.995778004,0.000000000,0.519413579,0.048046805,0.231990490,1.000000000,0.989147455,-0.146857898,0.000904136,0.000000000,-0.146466857,-0.986926794,-0.067109693,0.000000000,0.010748112,0.066250232,-0.997745150,0.000000000,0.498323214,0.059644727,0.217160566,1.000000000,3.225207735,0.963706491,-1.933762493,0.025913288,-0.454106401,-0.133720149
1774926893.000000000,407539129.000000000,0.986281801,-0.154981311,0.056654650,0.000000000,-0.150196244,-0.985344290,-0.080737017,0.000000000,0.068338380,0.071121504,-0.995123911,0.000000000,0.524538315,0.045844710,0.235195490,1.000000000,0.989147455,-0.146857898,0.000904136,0.000000000,-0.146466857,-0.986926794,-0.067109693,0.000000000,0.010748112,0.066250232,-0.997745150,0.000000000,0.498323214,0.059644727,0.217160566,1.000000000,4.062208657,1.124382821,-2.507661346,-0.029351434,-0.567181564,-0.106388828
1774926893.000000000,441252470.000000000,0.985777507,-0.154962340,0.064885494,0.000000000,-0.149336271,-0.985195101,-0.084083523,0.000000000,0.076956132,0.073199297,-0.994343812,0.000000000,0.530347480,0.043455334,0.238587502,1.000000000,0.989147455,-0.146857898,0.000904136,0.000000000,-0.146466857,-0.986926794,-0.067109693,0.000000000,0.010748112,0.066250232,-0.997745150,0.000000000,0.498323214,0.059644727,0.217160566,1.000000000,6.752790264,0.736807182,-1.128654586,-0.264906510,-0.883947673,-0.070420158
1774926893.000000000,475025892.000000000,0.985217728,-0.155226855,0.072328406,0.000000000,-0.148759658,-0.984977883,-0.087577853,0.000000000,0.084837949,0.075525159,-0.993528295,0.000000000,0.536418479,0.040735841,0.241415873,1.000000000,0.989147455,-0.146857898,0.000904136,0.000000000,-0.146466857,-0.986926794,-0.067109693,0.000000000,0.010748112,0.066250232,-0.997745150,0.000000000,0.498323214,0.059644727,0.217160566,1.000000000,6.752790264,0.736807182,-1.128654586,-0.264906510,-0.883947673,-0.070420158
1774926893.000000000,509755373.000000000,0.984606225,-0.155182549,0.080310058,0.000000000,-0.147806259,-0.984824514,-0.090855566,0.000000000,0.093192306,0.077588120,-0.992620410,0.000000000,0.543225152,0.037788709,0.244089429,1.000000000,0.989147455,-0.146857898,0.000904136,0.000000000,-0.146466857,-0.986926794,-0.067109693,0.000000000,0.010748112,0.066250232,-0.997745150,0.000000000,0.498323214,0.059644727,0.217160566,1.000000000,11.803661485,1.081011813,-2.528445614,-0.328258181,-1.733275046,-0.047440638
1774926893.000000000,543430089.000000000,0.983986925,-0.154481858,0.088802217,0.000000000,-0.146107640,-0.984768415,-0.094151332,0.000000000,0.101996255,0.079670531,-0.991589315,0.000000000,0.550754304,0.034991746,0.246807127,1.000000000,0.989147455,-0.146857898,0.000904136,0.000000000,-0.146466857,-0.986926794,-0.067109693,0.000000000,0.010748112,0.066250232,-0.997745150,0.000000000,0.498323214,0.059644727,0.217160566,1.000000000,11.803661485,1.081011813,-2.528445614,-0.328258181,-1.733275046,-0.047440638
1774926893.000000000,577301979.000000000,0.983424872,-0.153261128,0.096784788,0.000000000,-0.143939477,-0.984818723,-0.096923972,0.000000000,0.110172270,0.081387860,-0.990574625,0.000000000,0.558610783,0.032115670,0.248956820,1.000000000,0.989147455,-0.146857898,0.000904136,0.000000000,-0.146466857,-0.986926794,-0.067109693,0.000000000,0.010748112,0.066250232,-0.997745150,0.000000000,0.498323214,0.059644727,0.217160566,1.000000000,17.068845866,2.222509909,1.285912622,-0.247005699,-2.462584557,0.063553469
1774926893.000000000,610825538.000000000,0.982982925,-0.151971207,0.103102225,0.000000000,-0.141847205,-0.984883190,-0.099323815,0.000000000,0.116640254,0.083010450,-0.989699104,0.000000000,0.566404937,0.029353946,0.250104400,1.000000000,0.989147455,-0.146857898,0.000904136,0.000000000,-0.146466857,-0.986926794,-0.067109693,0.000000000,0.010748112,0.066250232,-0.997745150,0.000000000,0.498323214,0.059644727,0.217160566,1.000000000,17.068845866,2.222509909,1.285912622,-0.247005699,-2.462584557,0.063553469
1774926893.000000000,650326728.000000000,0.982785383,-0.149387605,0.108613910,0.000000000,-0.138489293,-0.985107554,-0.101806532,0.000000000,0.122207370,0.085013745,-0.988856927,0.000000000,0.574407440,0.026889843,0.250155579,1.000000000,0.989147455,-0.146857898,0.000904136,0.000000000,-0.146466857,-0.986926794,-0.067109693,0.000000000,0.010748112,0.066250232,-0.997745150,0.000000000,0.498323214,0.059644727,0.217160566,1.000000000,22.584100697,2.870939590,-2.786887389,-0.277578519,-3.023928879,0.301199100
1774926893.000000000,679872512.000000000,0.982776779,-0.145696349,0.113591916,0.000000000,-0.133986423,-0.985425897,-0.104710011,0.000000000,0.127194731,0.087688481,-0.987994044,0.000000000,0.582877627,0.024807378,0.249275371,1.000000000,0.989147455,-0.146857898,0.000904136,0.000000000,-0.146466857,-0.986926794,-0.067109693,0.000000000,0.010748112,0.066250232,-0.997745150,0.000000000,0.498323214,0.059644727,0.217160566,1.000000000,22.584100697,2.870939590,-2.786887389,-0.277578519,-3.023928879,0.301199100
1774926893.000000000,712994098.000000000,0.982875109,-0.141817011,0.117580619,0.000000000,-0.129396598,-0.985760177,-0.107303959,0.000000000,0.131126343,0.090253596,-0.987248789,0.000000000,0.591373506,0.022859205,0.247728759,1.000000000,0.989147455,-0.146857898,0.000904136,0.000000000,-0.146466857,-0.986926794,-0.067109693,0.000000000,0.010748112,0.066250232,-0.997745150,0.000000000,0.498323214,0.059644727,0.217160566,1.000000000,26.655314859,5.400313831,0.666910701,-0.223902699,-3.503529663,0.691566829
1774926893.000000000,746309280.000000000,0.982960498,-0.138838684,0.120387814,0.000000000,-0.125773898,-0.985921981,-0.110088695,0.000000000,0.133980141,0.093072986,-0.986603639,0.000000000,0.600114617,0.020591587,0.245144146,1.000000000,0.989147455,-0.146857898,0.000904136,0.000000000,-0.146466857,-0.986926794,-0.067109693,0.000000000,0.010748112,0.066250232,-0.997745150,0.000000000,0.498323214,0.059644727,0.217160566,1.000000000,26.655314859,5.400313831,0.666910701,-0.223902699,-3.503529663,0.691566829
1774926893.000000000,780754089.000000000,0.983172024,-0.135996745,0.121895054,0.000000000,-0.122446407,-0.986066113,-0.112522202,0.000000000,0.135501844,0.095704913,-0.986143914,0.000000000,0.608552673,0.018162944,0.241423278,1.000000000,0.989147455,-0.146857898,0.000904136,0.000000000,-0.146466857,-0.986926794,-0.067109693,0.000000000,0.010748112,0.066250232,-0.997745150,0.000000000,0.498323214,0.059644727,0.217160566,1.000000000,28.848681970,4.618800317,3.455087348,-0.644541411,-3.600675244,0.976159239
1774926893.000000000,814388275.000000000,0.983396417,-0.133291386,0.123067624,0.000000000,-0.119343768,-0.986217986,-0.114507190,0.000000000,0.136636957,0.097920492,-0.985769709,0.000000000,0.616659253,0.015643502,0.236734822,1.000000000,0.989147455,-0.146857898,0.000904136,0.000000000,-0.146466857,-0.986926794,-0.067109693,0.000000000,0.010748112,0.066250232,-0.997745150,0.000000000,0.498323214,0.059644727,0.217160566,1.000000000,28.848681970,4.618800317,3.455087348,-0.644541411,-3.600675244,0.976159239
1774926893.000000000,848901271.000000000,0.983457542,-0.131287845,0.124721736,0.000000000,-0.116907369,-0.986291072,-0.116375832,0.000000000,0.138293330,0.099871723,-0.985342881,0.000000000,0.624406288,0.012705698,0.231344617,1.000000000,0.989147455,-0.146857898,0.000904136,0.000000000,-0.146466857,-0.986926794,-0.067109693,0.000000000,0.010748112,0.066250232,-0.997745150,0.000000000,0.498323214,0.059644727,0.217160566,1.000000000,37.407004598,3.838727917,12.333841446,-0.887592168,-4.879129316,1.109663284
1774926893.000000000,882155656.000000000,0.983586223,-0.128922515,0.126166056,0.000000000,-0.114179323,-0.986435707,-0.117849162,0.000000000,0.139650802,0.101511212,-0.984983821,0.000000000,0.631624763,0.009730422,0.225258333,1.000000000,0.989147455,-0.146857898,0.000904136,0.000000000,-0.146466857,-0.986926794,-0.067109693,0.000000000,0.010748112,0.066250232,-0.997745150,0.000000000,0.498323214,0.059644727,0.217160566,1.000000000,37.407004598,3.838727917,12.333841446,-0.887592168,-4.879129316,1.109663284
1774926893.000000000,916387796.000000000,0.983818172,-0.126208759,0.127097998,0.000000000,-0.111098744,-0.986565885,-0.119689477,0.000000000,0.140499114,0.103634250,-0.984642037,0.000000000,0.638467788,0.007471592,0.218502611,1.000000000,0.989147455,-0.146857898,0.000904136,0.000000000,-0.146466857,-0.986926794,-0.067109693,0.000000000,0.010748112,0.066250232,-0.997745150,0.000000000,0.498323214,0.059644727,0.217160566,1.000000000,39.371688914,5.329812964,14.933204029,-0.729667219,-5.212821643,1.200958141
1774926893.000000000,950353384.000000000,0.984075369,-0.124046410,0.127235621,0.000000000,-0.108769271,-0.986700290,-0.120716736,0.000000000,0.140520607,0.104957062,-0.984498844,0.000000000,0.644720736,0.005650838,0.211309618,1.000000000,0.989147455,-0.146857898,0.000904136,0.000000000,-0.146466857,-0.986926794,-0.067109693,0.000000000,0.010748112,0.066250232,-0.997745150,0.000000000,0.498323214,0.059644727,0.217160566,1.000000000,38.165434543,7.870954752,13.652329044,-0.506783464,-5.112573121,1.332580345
1774926893.000000000,983960151.000000000,0.984268970,-0.122795391,0.126951307,0.000000000,-0.107529224,-0.986822311,-0.120830209,0.000000000,0.140118473,0.105280477,-0.984521627,0.000000000,0.650386046,0.004078206,0.203737060,1.000000000,0.989147455,-0.146857898,0.000904136,0.000000000,-0.146466857,-0.986926794,-0.067109693,0.000000000,0.010748112,0.066250232,-0.997745150,0.000000000,0.498323214,0.059644727,0.217160566,1.000000000,38.286607960,8.777197151,15.011563558,-0.514297411,-5.138145010,1.414445378
1774926894.000000000,18350839.000000000,0.984446609,-0.121482945,0.126836569,0.000000000,-0.106414373,-0.987104932,-0.119501384,0.000000000,0.139721072,0.104147503,-0.984698593,0.000000000,0.655462763,0.002625072,0.196028098,1.000000000,0.989147455,-0.146857898,0.000904136,0.000000000,-0.146466857,-0.986926794,-0.067109693,0.000000000,0.010748112,0.066250232,-0.997745150,0.000000000,0.498323214,0.059644727,0.217160566,1.000000000,39.836923326,9.688233447,21.724934131,-0.412952224,-5.339534402,1.438348409
1774926894.000000000,52178859.000000000,0.984735363,-0.120891536,0.125148900,0.000000000,-0.106262447,-0.987345942,-0.117630907,0.000000000,0.137788493,0.102538660,-0.985139662,0.000000000,0.659492673,0.001386089,0.187858355,1.000000000,0.989147455,-0.146857898,0.000904136,0.000000000,-0.146466857,-0.986926794,-0.067109693,0.000000000,0.010748112,0.066250232,-0.997745150,0.000000000,0.498323214,0.059644727,0.217160566,1.000000000,39.836923326,9.688233447,21.724934131,-0.412952224,-5.339534402,1.438348409
1774926894.000000000,86163520.000000000,0.985080032,-0.120058174,0.123223829,0.000000000,-0.105897424,-0.987616172,-0.115675322,0.000000000,0.135588225,0.100902307,-0.985613798,0.000000000,0.662857533,0.000662346,0.179401804,1.000000000,0.989147455,-0.146857898,0.000904136,0.000000000,-0.146466857,-0.986926794,-0.067109693,0.000000000,0.010748112,0.066250232,-0.997745150,0.000000000,0.498323214,0.059644727,0.217160566,1.000000000,41.708444669,10.159719020,23.509749678,-0.347802898,-5.599289306,1.451519546
1774926894.000000000,120658874.000000000,0.985241980,-0.120480165,0.121505215,0.000000000,-0.106710886,-0.987711950,-0.114099247,0.000000000,0.133761425,0.099451354,-0.986010806,0.000000000,0.665708750,0.000031310,0.170754744,1.000000000,0.989147455,-0.146857898,0.000904136,0.000000000,-0.146466857,-0.986926794,-0.067109693,0.000000000,0.010748112,0.066250232,-0.997745150,0.000000000,0.498323214,0.059644727,0.217160566,1.000000000,41.365063840,10.813091674,23.559766427,-0.326006917,-5.571022726,1.471777511
1774926894.000000000,154735088.000000000,0.985428318,-0.121404703,0.119049045,0.000000000,-0.108128858,-0.987766731,-0.112275475,0.000000000,0.131225984,0.097768678,-0.986519654,0.000000000,0.667825712,-0.000926940,0.162245722,1.000000000,0.989147455,-0.146857898,0.000904136,0.000000000,-0.146466857,-0.986926794,-0.067109693,0.000000000,0.010748112,0.066250232,-0.997745150,0.000000000,0.498323214,0.059644727,0.217160566,1.000000000,38.854777905,8.490839718,25.179792844,-0.748539799,-5.433542680,1.404189539
1774926894.000000000,188316822.000000000,0.985811919,-0.121419312,0.115814325,0.000000000,-0.108743290,-0.987940776,-0.110130225,0.000000000,0.127792091,0.095975505,-0.987146334,0.000000000,0.669092478,-0.001869570,0.153721729,1.000000000,0.989147455,-0.146857898,0.000904136,0.000000000,-0.146466857,-0.986926794,-0.067109693,0.000000000,0.010748112,0.066250232,-0.997745150,0.000000000,0.498323214,0.059644727,0.217160566,1.000000000,38.854777905,8.490839718,25.179792844,-0.748539799,-5.433542680,1.404189539
1774926894.000000000,222464084.000000000,0.986191219,-0.121702998,0.112231931,0.000000000,-0.109589093,-0.988033844,-0.108444001,0.000000000,0.124089296,0.094648949,-0.987746639,0.000000000,0.669530592,-0.002819269,0.145392897,1.000000000,0.989147455,-0.146857898,0.000904136,0.000000000,-0.146466857,-0.986926794,-0.067109693,0.000000000,0.010748112,0.066250232,-0.997745150,0.000000000,0.498323214,0.059644727,0.217160566,1.000000000,40.536630762,8.932443586,30.790517059,-0.477942054,-5.642713228,1.325992862
1774926894.000000000,256178140.000000000,0.986705975,-0.121517090,0.107822362,0.000000000,-0.109981861,-0.988129652,-0.107165893,0.000000000,0.119567263,0.093884530,-0.988377137,0.000000000,0.669259167,-0.003641486,0.137065076,1.000000000,0.989147455,-0.146857898,0.000904136,0.000000000,-0.146466857,-0.986926794,-0.067109693,0.000000000,0.010748112,0.066250232,-0.997745150,0.000000000,0.498323214,0.059644727,0.217160566,1.000000000,40.536630762,8.932443586,30.790517059,-0.477942054,-5.642713228,1.325992862
1774926894.000000000,290803194.000000000,0.987031329,-0.121754359,0.104526449,0.000000000,-0.110637170,-0.988151801,-0.106283499,0.000000000,0.116230716,0.093342430,-0.988826381,0.000000000,0.668669509,-0.004579365,0.129528567,1.000000000,0.989147455,-0.146857898,0.000904136,0.000000000,-0.146466857,-0.986926794,-0.067109693,0.000000000,0.010748112,0.066250232,-0.997745150,0.000000000,0.498323214,0.059644727,0.217160566,1.000000000,39.637869003,8.018161668,32.184414065,-0.746928585,-5.529607422,1.350069895
1774926894.000000000,324155092.000000000,0.987585801,-0.121065809,0.099990513,0.000000000,-0.110475106,-0.988262290,-0.105421272,0.000000000,0.111581913,0.093067880,-0.989387612,0.000000000,0.667244069,-0.005546388,0.122215336,1.000000000,0.989147455,-0.146857898,0.000904136,0.000000000,-0.146466857,-0.986926794,-0.067109693,0.000000000,0.010748112,0.066250232,-0.997745150,0.000000000,0.498323214,0.059644727,0.217160566,1.000000000,39.637869003,8.018161668,32.184414065,-0.746928585,-5.529607422,1.350069895
1774926894.000000000,358749389.000000000,0.988056380,-0.121109510,0.095172596,0.000000000,-0.111023143,-0.988249943,-0.104960269,0.000000000,0.106768054,0.093142096,-0.989911679,0.000000000,0.665641998,-0.006203506,0.115662990,1.000000000,0.989147455,-0.146857898,0.000904136,0.000000000,-0.146466857,-0.986926794,-0.067109693,0.000000000,0.010748112,0.066250232,-0.997745150,0.000000000,0.498323214,0.059644727,0.217160566,1.000000000,37.315748045,8.860186311,30.920658309,-0.664206977,-5.078150618,1.381395256
1774926894.000000000,392197608.000000000,0.988451870,-0.121674051,0.090216815,0.000000000,-0.112131072,-0.988203074,-0.104221179,0.000000000,0.101835507,0.092903300,-0.990453687,0.000000000,0.664070732,-0.007071780,0.109890565,1.000000000,0.989147455,-0.146857898,0.000904136,0.000000000,-0.146466857,-0.986926794,-0.067109693,0.000000000,0.010748112,0.066250232,-0.997745150,0.000000000,0.498323214,0.059644727,0.217160566,1.000000000,34.853117525,7.921320169,30.034425989,-0.798396880,-4.774606598,1.326454541
1774926894.000000000,426438808.000000000,0.988848461,-0.122555082,0.084496859,0.000000000,-0.113614270,-0.988103950,-0.103552540,0.000000000,0.096184422,0.092799507,-0.991028157,0.000000000,0.662146643,-0.008032099,0.104567530,1.000000000,0.989147455,-0.146857898,0.000904136,0.000000000,-0.146466857,-0.986926794,-0.067109693,0.000000000,0.010748112,0.066250232,-0.997745150,0.000000000,0.498323214,0.059644727,0.217160566,1.000000000,34.853117525,7.921320169,30.034425989,-0.798396880,-4.774606598,1.326454541
1774926894.000000000,460097551.000000000,0.989134292,-0.123608603,0.079467052,0.000000000,-0.115186989,-0.987977042,-0.103024606,0.000000000,0.091248108,0.092753386,-0.991499164,0.000000000,0.660266062,-0.008853141,0.100221174,1.000000000,0.989147455,-0.146857898,0.000904136,0.000000000,-0.146466857,-0.986926794,-0.067109693,0.000000000,0.010748112,0.066250232,-0.997745150,0.000000000,0.498323214,0.059644727,0.217160566,1.000000000,32.724814353,7.222825528,28.433623448,-0.871364579,-4.523028843,1.281780337
1774926894.000000000,494654893.000000000,0.989372570,-0.124782956,0.074510923,0.000000000,-0.116889831,-0.987855795,-0.102266532,0.000000000,0.086368831,0.092471913,-0.991962384,0.000000000,0.658235184,-0.009780460,0.096688303,1.000000000,0.989147455,-0.146857898,0.000904136,0.000000000,-0.146466857,-0.986926794,-0.067109693,0.000000000,0.010748112,0.066250232,-0.997745150,0.000000000,0.498323214,0.059644727,0.217160566,1.000000000,29.351702505,6.474480054,27.737335663,-0.868621401,-4.083419933,1.166685696
1774926894.000000000,528189897.000000000,0.989609589,-0.125783981,0.069512576,0.000000000,-0.118440434,-0.987777754,-0.101231022,0.000000000,0.081397785,0.091947861,-0.992431354,0.000000000,0.656207324,-0.010700363,0.093813156,1.000000000,0.989147455,-0.146857898,0.000904136,0.000000000,-0.146466857,-0.986926794,-0.067109693,0.000000000,0.010748112,0.066250232,-0.997745150,0.000000000,0.498323214,0.059644727,0.217160566,1.000000000,29.351702505,6.474480054,27.737335663,-0.868621401,-4.083419933,1.166685696
1774926894.000000000,562260627.000000000,0.989813137,-0.126694472,0.064801326,0.000000000,-0.119879928,-0.987728180,-0.100012958,0.000000000,0.076678661,0.091227518,-0.992873568,0.000000000,0.654284119,-0.011639688,0.091489181,1.000000000,0.989147455,-0.146857898,0.000904136,0.000000000,-0.146466857,-0.986926794,-0.067109693,0.000000000,0.010748112,0.066250232,-0.997745150,0.000000000,0.498323214,0.059644727,0.217160566,1.000000000,25.609275758,5.328284119,24.341167643,-0.892263062,-3.650051324,1.082247191
1774926894.000000000,596771240.000000000,0.989976261,-0.127409915,0.060782093,0.000000000,-0.121059639,-0.987717051,-0.098693155,0.000000000,0.072611394,0.090347362,-0.993259754,0.000000000,0.652489966,-0.012501195,0.089657378,1.000000000,0.989147455,-0.146857898,0.000904136,0.000000000,-0.146466857,-0.986926794,-0.067109693,0.000000000,0.010748112,0.066250232,-0.997745150,0.000000000,0.498323214,0.059644727,0.217160566,1.000000000,25.609275758,5.328284119,24.341167643,-0.892263062,-3.650051324,1.082247191
1774926894.000000000,630105018.000000000,0.990108214,-0.127917786,0.057476188,0.000000000,-0.121944213,-0.987718394,-0.097584474,0.000000000,0.069254411,0.089612026,-0.993566058,0.000000000,0.651038593,-0.013156303,0.088263050,1.000000000,0.989147455,-0.146857898,0.000904136,0.000000000,-0.146466857,-0.986926794,-0.067109693,0.000000000,0.010748112,0.066250232,-0.997745150,0.000000000,0.498323214,0.059644727,0.217160566,1.000000000,19.172672406,5.479509159,19.808107759,-0.787099658,-2.799159154,1.029240887
1774926894.000000000,665084838.000000000,0.990226562,-0.128679254,0.053607385,0.000000000,-0.123143291,-0.987704834,-0.096206226,0.000000000,0.065329276,0.088666278,-0.993916685,0.000000000,0.649769975,-0.014021710,0.087053978,1.000000000,0.989147455,-0.146857898,0.000904136,0.000000000,-0.146466857,-0.986926794,-0.067109693,0.000000000,0.010748112,0.066250232,-0.997745150,0.000000000,0.498323214,0.059644727,0.217160566,1.000000000,19.172672406,5.479509159,19.808107759,-0.787099658,-2.799159154,1.029240887
1774926894.000000000,700508117.000000000,0.990296888,-0.130124524,0.048584253,0.000000000,-0.125158228,-0.987650586,-0.094140768,0.000000000,0.060235448,0.087148268,-0.994372601,0.000000000,0.648537900,-0.015476615,0.085840778,1.000000000,0.989147455,-0.146857898,0.000904136,0.000000000,-0.146466857,-0.986926794,-0.067109693,0.000000000,0.010748112,0.066250232,-0.997745150,0.000000000,0.498323214,0.059644727,0.217160566,1.000000000,9.359116672,2.405649140,10.858781284,-0.979128019,-1.453763595,0.833881640
1774926894.000000000,732528209.000000000,0.990304729,-0.132265122,0.042228281,0.000000000,-0.127985683,-0.987522951,-0.091645148,0.000000000,0.053823890,0.085353651,-0.994895845,0.000000000,0.647147272,-0.017405993,0.084424436,1.000000000,0.989147455,-0.146857898,0.000904136,0.000000000,-0.146466857,-0.986926794,-0.067109693,0.000000000,0.010748112,0.066250232,-0.997745150,0.000000000,0.498323214,0.059644727,0.217160566,1.000000000,4.734803604,0.372442052,5.604492276,-1.077937002,-0.789143406,0.707108791
1774926894.000000000,766678571.000000000,0.990273092,-0.134391391,0.035761762,0.000000000,-0.130775662,-0.987377570,-0.089241293,0.000000000,0.047304534,0.083698094,-0.995367726,0.000000000,0.645751855,-0.019292632,0.082998218,1.000000000,0.989147455,-0.146857898,0.000904136,0.000000000,-0.146466857,-0.986926794,-0.067109693,0.000000000,0.010748112,0.066250232,-0.997745150,0.000000000,0.498323214,0.059644727,0.217160566,1.000000000,2.255221939,-0.717769077,2.311334903,-1.044573382,-0.449652695,0.585140464
1774926894.000000000,800322771.000000000,0.990235253,-0.136030310,0.030176919,0.000000000,-0.132963466,-0.987263987,-0.087242668,0.000000000,0.041661035,0.082379924,-0.995729836,0.000000000,0.644514005,-0.020835936,0.081736933,1.000000000,0.989147455,-0.146857898,0.000904136,0.000000000,-0.146466857,-0.986926794,-0.067109693,0.000000000,0.010748112,0.066250232,-0.997745150,0.000000000,0.498323214,0.059644727,0.217160566,1.000000000,2.255221939,-0.717769077,2.311334903,-1.044573382,-0.449652695,0.585140464
1774926894.000000000,833788871.000000000,0.990191290,-0.137261612,0.025713936,0.000000000,-0.134618543,-0.987176164,-0.085684395,0.000000000,0.037146078,0.081383936,-0.995990373,0.000000000,0.643475988,-0.022021713,0.080628413,1.000000000,0.989147455,-0.146857898,0.000904136,0.000000000,-0.146466857,-0.986926794,-0.067109693,0.000000000,0.010748112,0.066250232,-0.997745150,0.000000000,0.498323214,0.059644727,0.217160566,1.000000000,1.051213581,-1.260283054,0.193718991,-1.020964222,-0.303210378,0.506392943
1774926894.000000000,869226694.000000000,0.990122191,-0.138393446,0.022046476,0.000000000,-0.136089732,-0.987085290,-0.084397636,0.000000000,0.033442476,0.080565224,-0.996188158,0.000000000,0.642598472,-0.023065137,0.079634911,1.000000000,0.989147455,-0.146857898,0.000904136,0.000000000,-0.146466857,-0.986926794,-0.067109693,0.000000000,0.010748112,0.066250232,-0.997745150,0.000000000,0.498323214,0.059644727,0.217160566,1.000000000,0.598511126,-0.840314169,-0.752818498,-0.811866101,-0.248566595,0.394018104
1774926894.000000000,902766227.000000000,0.990027782,-0.139522896,0.018949900,0.000000000,-0.137499818,-0.986984275,-0.083286177,0.000000000,0.030324166,0.079851559,-0.996345409,0.000000000,0.641841513,-0.024070379,0.078738918,1.000000000,0.989147455,-0.146857898,0.000904136,0.000000000,-0.146466857,-0.986926794,-0.067109693,0.000000000,0.010748112,0.066250232,-0.997745150,0.000000000,0.498323214,0.059644727,0.217160566,1.000000000,0.598511126,-0.840314169,-0.752818498,-0.811866101,-0.248566595,0.394018104
1774926894.000000000,936331748.000000000,0.989894123,-0.140773467,0.016528836,0.000000000,-0.138970807,-0.986869427,-0.082198516,0.000000000,0.027883710,0.079072325,-0.996478834,0.000000000,0.641219800,-0.025154083,0.077909018,1.000000000,0.989147455,-0.146857898,0.000904136,0.000000000,-0.146466857,-0.986926794,-0.067109693,0.000000000,0.010748112,0.066250232,-0.997745150,0.000000000,0.498323214,0.059644727,0.217160566,1.000000000,0.529993333,-0.662363290,-0.940850159,-0.770958397,-0.238301829,0.351379504
1774926894.000000000,971097707.000000000,0.989748980,-0.142013187,0.014489952,0.000000000,-0.140393150,-0.986747432,-0.081240484,0.000000000,0.025835641,0.078374905,-0.996589130,0.000000000,0.640671106,-0.026225854,0.077178832,1.000000000,0.989147455,-0.146857898,0.000904136,0.000000000,-0.146466857,-0.986926794,-0.067109693,0.000000000,0.010748112,0.066250232,-0.997745150,0.000000000,0.498323214,0.059644727,0.217160566,1.000000000,0.337210208,-0.193351861,-0.997606755,-0.622890057,-0.212763984,0.241662301
