ros_time_sec,ros_time_nsec,O_T_EE_0,O_T_EE_1,O_T_EE_2,O_T_EE_3,O_T_EE_4,O_T_EE_5,O_T_EE_6,O_T_EE_7,O_T_EE_8,O_T_EE_9,O_T_EE_10,O_T_EE_11,O_T_EE_12,O_T_EE_13,O_T_EE_14,O_T_EE_15,O_T_EE_d_0,O_T_EE_d_1,O_T_EE_d_2,O_T_EE_d_3,O_T_EE_d_4,O_T_EE_d_5,O_T_EE_d_6,O_T_EE_d_7,O_T_EE_d_8,O_T_EE_d_9,O_T_EE_d_10,O_T_EE_d_11,O_T_EE_d_12,O_T_EE_d_13,O_T_EE_d_14,O_T_EE_d_15,F_ext_x,F_ext_y,F_ext_z,F_ext_wx,F_ext_wy,F_ext_wz
1774926818.000000000,11390447.000000000,0.994278731,-0.092630576,0.053010638,0.000000000,-0.094008289,-0.995269787,0.024108903,0.000000000,0.050527638,-0.028954966,-0.998302844,0.000000000,0.437464547,0.001290894,0.290215333,1.000000000,0.994233316,-0.093072009,0.053089190,0.000000000,-0.094459450,-0.995223711,0.024247145,0.000000000,0.050579864,-0.029122656,-0.998295321,0.000000000,0.437462418,0.001380487,0.290236075,1.000000000,-0.624791055,0.033584529,-0.877741522,-0.224323478,0.035597371,0.147461184
1774926818.000000000,45616626.000000000,0.994277838,-0.092639582,0.053011646,0.000000000,-0.094017362,-0.995268917,0.024109462,0.000000000,0.050528326,-0.028956077,-0.998302777,0.000000000,0.437464186,0.001288221,0.290215466,1.000000000,0.994233316,-0.093072009,0.053089190,0.000000000,-0.094459450,-0.995223711,0.024247145,0.000000000,0.050579864,-0.029122656,-0.998295321,0.000000000,0.437462418,0.001380487,0.290236075,1.000000000,-0.628715100,0.021930208,-0.866858587,-0.226923292,0.037771658,0.147080534
1774926818.000000000,80152034.000000000,0.994277947,-0.092639418,0.053009903,0.000000000,-0.094017144,-0.995268938,0.024109421,0.000000000,0.050526600,-0.028955863,-0.998302870,0.000000000,0.437463587,0.001289378,0.290214477,1.000000000,0.994233316,-0.093072009,0.053089190,0.000000000,-0.094459450,-0.995223711,0.024247145,0.000000000,0.050579864,-0.029122656,-0.998295321,0.000000000,0.437462418,0.001380487,0.290236075,1.000000000,-0.631242778,0.023131481,-0.880909482,-0.224665148,0.035925469,0.145912503
1774926818.000000000,113753080.000000000,0.994277848,-0.092635952,0.053017818,0.000000000,-0.094013840,-0.995269281,0.024108151,0.000000000,0.050534697,-0.028955166,-0.998302481,0.000000000,0.437465837,0.001289721,0.290217238,1.000000000,0.994233316,-0.093072009,0.053089190,0.000000000,-0.094459450,-0.995223711,0.024247145,0.000000000,0.050579864,-0.029122656,-0.998295321,0.000000000,0.437462418,0.001380487,0.290236075,1.000000000,-0.612928040,0.023566663,-0.882828689,-0.224325412,0.033284248,0.146999731
1774926818.000000000,147752046.000000000,0.994277580,-0.092641277,0.053013535,0.000000000,-0.094018911,-0.995268867,0.024105476,0.000000000,0.050530532,-0.028952367,-0.998302773,0.000000000,0.437465306,0.001287700,0.290216349,1.000000000,0.994233316,-0.093072009,0.053089190,0.000000000,-0.094459450,-0.995223711,0.024247145,0.000000000,0.050579864,-0.029122656,-0.998295321,0.000000000,0.437462418,0.001380487,0.290236075,1.000000000,-0.675902112,0.027533547,-0.942998072,-0.227594874,0.043606260,0.147351199
1774926818.000000000,181492328.000000000,0.994278637,-0.092632312,0.053009367,0.000000000,-0.094009933,-0.995269659,0.024107792,0.000000000,0.050526427,-0.028953827,-0.998302938,0.000000000,0.437464018,0.001289503,0.290214901,1.000000000,0.994233316,-0.093072009,0.053089190,0.000000000,-0.094459450,-0.995223711,0.024247145,0.000000000,0.050579864,-0.029122656,-0.998295321,0.000000000,0.437462418,0.001380487,0.290236075,1.000000000,-0.601306136,0.033538951,-0.864514602,-0.225692128,0.031324704,0.145208546
1774926818.000000000,215960979.000000000,0.994277458,-0.092641195,0.053015962,0.000000000,-0.094019092,-0.995268758,0.024109269,0.000000000,0.050532592,-0.028956373,-0.998302552,0.000000000,0.437463962,0.001287597,0.290216572,1.000000000,0.994233316,-0.093072009,0.053089190,0.000000000,-0.094459450,-0.995223711,0.024247145,0.000000000,0.050579864,-0.029122656,-0.998295321,0.000000000,0.437462418,0.001380487,0.290236075,1.000000000,-0.587618859,0.021814955,-0.858653389,-0.231195783,0.029172303,0.147378946
1774926818.000000000,249863624.000000000,0.994277997,-0.092635656,0.053015542,0.000000000,-0.094013510,-0.995269297,0.024108777,0.000000000,0.050532382,-0.028955561,-0.998302586,0.000000000,0.437465224,0.001290259,0.290216044,1.000000000,0.994233316,-0.093072009,0.053089190,0.000000000,-0.094459450,-0.995223711,0.024247145,0.000000000,0.050579864,-0.029122656,-0.998295321,0.000000000,0.437462418,0.001380487,0.290236075,1.000000000,-0.599461203,0.024145532,-0.896855718,-0.229814780,0.030748425,0.147978354
1774926818.000000000,284182310.000000000,0.994278320,-0.092632155,0.053015586,0.000000000,-0.094009949,-0.995269661,0.024107629,0.000000000,0.050532635,-0.028954243,-0.998302612,0.000000000,0.437465035,0.001290315,0.290216077,1.000000000,0.994233316,-0.093072009,0.053089190,0.000000000,-0.094459450,-0.995223711,0.024247145,0.000000000,0.050579864,-0.029122656,-0.998295321,0.000000000,0.437462418,0.001380487,0.290236075,1.000000000,-0.599461203,0.024145532,-0.896855718,-0.229814780,0.030748425,0.147978354
1774926818.000000000,317637920.000000000,0.994277838,-0.092635059,0.053019565,0.000000000,-0.094013020,-0.995269348,0.024108591,0.000000000,0.050536420,-0.028955725,-0.998302377,0.000000000,0.437465891,0.001288833,0.290218183,1.000000000,0.994233316,-0.093072009,0.053089190,0.000000000,-0.094459450,-0.995223711,0.024247145,0.000000000,0.050579864,-0.029122656,-0.998295321,0.000000000,0.437462418,0.001380487,0.290236075,1.000000000,-0.621320740,-0.063185315,-0.884739593,-0.241338956,0.037211293,0.145470259
1774926818.000000000,351736783.000000000,0.994277034,-0.092637756,0.053029921,0.000000000,-0.094016026,-0.995269061,0.024108717,0.000000000,0.050546635,-0.028956964,-0.998301824,0.000000000,0.437468223,0.001289125,0.290221049,1.000000000,0.994233316,-0.093072009,0.053089190,0.000000000,-0.094459450,-0.995223711,0.024247145,0.000000000,0.050579864,-0.029122656,-0.998295321,0.000000000,0.437462418,0.001380487,0.290236075,1.000000000,-0.697921234,0.049244134,-0.899801844,-0.230821621,0.052816886,0.147246722
1774926818.000000000,385683774.000000000,0.994276349,-0.092637879,0.053042553,0.000000000,-0.094016577,-0.995268980,0.024109911,0.000000000,0.050559090,-0.028959351,-0.998301124,0.000000000,0.437469905,0.001286292,0.290222798,1.000000000,0.994233316,-0.093072009,0.053089190,0.000000000,-0.094459450,-0.995223711,0.024247145,0.000000000,0.050579864,-0.029122656,-0.998295321,0.000000000,0.437462418,0.001380487,0.290236075,1.000000000,-0.494129067,0.079578380,-0.771768357,-0.227353782,0.022534637,0.147888365
1774926818.000000000,419357299.000000000,0.994273778,-0.092648305,0.053072519,0.000000000,-0.094027773,-0.995267975,0.024107724,0.000000000,0.050588812,-0.028960526,-0.998299584,0.000000000,0.437477963,0.001283819,0.290229321,1.000000000,0.994233316,-0.093072009,0.053089190,0.000000000,-0.094459450,-0.995223711,0.024247145,0.000000000,0.050579864,-0.029122656,-0.998295321,0.000000000,0.437462418,0.001380487,0.290236075,1.000000000,-0.494129067,0.079578380,-0.771768357,-0.227353782,0.022534637,0.147888365
1774926818.000000000,454418182.000000000,0.994265041,-0.092636796,0.053255983,0.000000000,-0.094021560,-0.995268572,0.024107298,0.000000000,0.050771761,-0.028976812,-0.998289824,0.000000000,0.437520876,0.001281307,0.290263224,1.000000000,0.994233316,-0.093072009,0.053089190,0.000000000,-0.094459450,-0.995223711,0.024247145,0.000000000,0.050579864,-0.029122656,-0.998295321,0.000000000,0.437462418,0.001380487,0.290236075,1.000000000,-0.441822339,0.075125445,-0.863631680,-0.235892680,0.011902352,0.151541887
1774926818.000000000,487397432.000000000,0.994250606,-0.092642449,0.053515010,0.000000000,-0.094034031,-0.995267733,0.024093290,0.000000000,0.051030683,-0.028987558,-0.998276310,0.000000000,0.437594369,0.001275311,0.290334093,1.000000000,0.994233316,-0.093072009,0.053089190,0.000000000,-0.094459450,-0.995223711,0.024247145,0.000000000,0.050579864,-0.029122656,-0.998295321,0.000000000,0.437462418,0.001380487,0.290236075,1.000000000,-0.521446584,0.045844958,-0.737402762,-0.261145646,0.050036843,0.156437853
1774926818.000000000,521720886.000000000,0.994229063,-0.092650441,0.053900020,0.000000000,-0.094051908,-0.995266665,0.024067623,0.000000000,0.051416007,-0.028998688,-0.998256215,0.000000000,0.437706499,0.001263726,0.290448305,1.000000000,0.994233316,-0.093072009,0.053089190,0.000000000,-0.094459450,-0.995223711,0.024247145,0.000000000,0.050579864,-0.029122656,-0.998295321,0.000000000,0.437462418,0.001380487,0.290236075,1.000000000,-0.521446584,0.045844958,-0.737402762,-0.261145646,0.050036843,0.156437853
1774926818.000000000,555366754.000000000,0.994192808,-0.092734239,0.054422135,0.000000000,-0.094147968,-0.995258987,0.024009499,0.000000000,0.051938617,-0.028994362,-0.998229286,0.000000000,0.437865267,0.001222793,0.290632777,1.000000000,0.994233316,-0.093072009,0.053089190,0.000000000,-0.094459450,-0.995223711,0.024247145,0.000000000,0.050579864,-0.029122656,-0.998295321,0.000000000,0.437462418,0.001380487,0.290236075,1.000000000,-0.194047091,0.118401009,-0.784707956,-0.250928988,-0.002094963,0.155826459
1774926818.000000000,589587211.000000000,0.994135858,-0.092874626,0.055217265,0.000000000,-0.094305920,-0.995246649,0.023900805,0.000000000,0.052736035,-0.028968520,-0.998188226,0.000000000,0.438110398,0.001149925,0.290898024,1.000000000,0.994233316,-0.093072009,0.053089190,0.000000000,-0.094459450,-0.995223711,0.024247145,0.000000000,0.050579864,-0.029122656,-0.998295321,0.000000000,0.437462418,0.001380487,0.290236075,1.000000000,0.033852819,0.104710354,-0.951994420,-0.247579823,-0.038003091,0.145588894
1774926818.000000000,624150514.000000000,0.994051937,-0.093112986,0.056315771,0.000000000,-0.094568493,-0.995225304,0.023751673,0.000000000,0.053836328,-0.028936651,-0.998130412,0.000000000,0.438437918,0.001026072,0.291271199,1.000000000,0.994233316,-0.093072009,0.053089190,0.000000000,-0.094459450,-0.995223711,0.024247145,0.000000000,0.050579864,-0.029122656,-0.998295321,0.000000000,0.437462418,0.001380487,0.290236075,1.000000000,0.033852819,0.104710354,-0.951994420,-0.247579823,-0.038003091,0.145588894
1774926818.000000000,657164096.000000000,0.993934158,-0.093304513,0.058050870,0.000000000,-0.094798319,-0.995208752,0.023527977,0.000000000,0.055578537,-0.028888941,-0.998036300,0.000000000,0.438951895,0.000825085,0.291823559,1.000000000,0.994233316,-0.093072009,0.053089190,0.000000000,-0.094459450,-0.995223711,0.024247145,0.000000000,0.050579864,-0.029122656,-0.998295321,0.000000000,0.437462418,0.001380487,0.290236075,1.000000000,0.127091966,0.090268089,-1.307245864,-0.239302033,-0.041455183,0.121690055
1774926818.000000000,691202640.000000000,0.993796074,-0.093434027,0.060168039,0.000000000,-0.094972454,-0.995199115,0.023231453,0.000000000,0.057709682,-0.028802188,-0.997917846,0.000000000,0.439572145,0.000518658,0.292528652,1.000000000,0.994233316,-0.093072009,0.053089190,0.000000000,-0.094459450,-0.995223711,0.024247145,0.000000000,0.050579864,-0.029122656,-0.998295321,0.000000000,0.437462418,0.001380487,0.290236075,1.000000000,0.127091966,0.090268089,-1.307245864,-0.239302033,-0.041455183,0.121690055
1774926818.000000000,725710630.000000000,0.993600865,-0.093660054,0.062975087,0.000000000,-0.095258872,-0.995179949,0.022877146,0.000000000,0.060530035,-0.028730241,-0.997752819,0.000000000,0.440373743,0.000082937,0.293381381,1.000000000,0.994233316,-0.093072009,0.053089190,0.000000000,-0.094459450,-0.995223711,0.024247145,0.000000000,0.050579864,-0.029122656,-0.998295321,0.000000000,0.437462418,0.001380487,0.290236075,1.000000000,0.380882776,0.160587681,-0.913765225,-0.223697388,-0.061682494,0.104775676
1774926818.000000000,759493589.000000000,0.993336421,-0.094063477,0.066449716,0.000000000,-0.095739983,-0.995142258,0.022505298,0.000000000,0.064011227,-0.028717779,-0.997535890,0.000000000,0.441405460,-0.000509984,0.294528115,1.000000000,0.994233316,-0.093072009,0.053089190,0.000000000,-0.094459450,-0.995223711,0.024247145,0.000000000,0.050579864,-0.029122656,-0.998295321,0.000000000,0.437462418,0.001380487,0.290236075,1.000000000,0.928440303,0.493029042,-1.122578857,-0.157006956,-0.152751200,0.078974572
1774926818.000000000,792975187.000000000,0.992994336,-0.094518100,0.070776583,0.000000000,-0.096281791,-0.995102856,0.021928745,0.000000000,0.068358633,-0.028590166,-0.997251072,0.000000000,0.442748645,-0.001225074,0.296030986,1.000000000,0.994233316,-0.093072009,0.053089190,0.000000000,-0.094459450,-0.995223711,0.024247145,0.000000000,0.050579864,-0.029122656,-0.998295321,0.000000000,0.437462418,0.001380487,0.290236075,1.000000000,0.998439753,0.300096895,-1.005272369,-0.222090815,-0.155331389,0.061899819
1774926818.000000000,830440998.000000000,0.992593431,-0.094879188,0.075742765,0.000000000,-0.096732713,-0.995075318,0.021181127,0.000000000,0.073361520,-0.028351596,-0.996902339,0.000000000,0.444432222,-0.002046440,0.297865687,1.000000000,0.994233316,-0.093072009,0.053089190,0.000000000,-0.094459450,-0.995223711,0.024247145,0.000000000,0.050579864,-0.029122656,-0.998295321,0.000000000,0.437462418,0.001380487,0.290236075,1.000000000,1.751212285,0.508102284,-1.140708298,-0.258446504,-0.277206482,0.013421228
1774926818.000000000,861707687.000000000,0.992112438,-0.095242218,0.081379215,0.000000000,-0.097172295,-0.995055198,0.020085944,0.000000000,0.079065303,-0.027835856,-0.996480729,0.000000000,0.446541691,-0.002940929,0.300023601,1.000000000,0.994233316,-0.093072009,0.053089190,0.000000000,-0.094459450,-0.995223711,0.024247145,0.000000000,0.050579864,-0.029122656,-0.998295321,0.000000000,0.437462418,0.001380487,0.290236075,1.000000000,1.916771701,0.583375299,-0.899930050,-0.278728083,-0.287563082,-0.017081858
1774926818.000000000,895831823.000000000,0.991576948,-0.095443440,0.087443996,0.000000000,-0.097430279,-0.995056377,0.018732157,0.000000000,0.085225485,-0.027094590,-0.995993223,0.000000000,0.449149463,-0.003949500,0.302548951,1.000000000,0.994233316,-0.093072009,0.053089190,0.000000000,-0.094459450,-0.995223711,0.024247145,0.000000000,0.050579864,-0.029122656,-0.998295321,0.000000000,0.437462418,0.001380487,0.290236075,1.000000000,1.709187584,0.582685136,-0.761676792,-0.315131606,-0.241323264,-0.038798145
1774926818.000000000,929627656.000000000,0.991029952,-0.095363714,0.093520812,0.000000000,-0.097385339,-0.995086949,0.017286000,0.000000000,0.091414642,-0.026239005,-0.995467166,0.000000000,0.452275168,-0.005111514,0.305414271,1.000000000,0.994233316,-0.093072009,0.053089190,0.000000000,-0.094459450,-0.995223711,0.024247145,0.000000000,0.050579864,-0.029122656,-0.998295321,0.000000000,0.437462418,0.001380487,0.290236075,1.000000000,1.791168620,0.753345985,-0.581028993,-0.312502726,-0.257328461,-0.064565032
1774926818.000000000,963778972.000000000,0.990391651,-0.095460877,0.099961717,0.000000000,-0.097560886,-0.995086012,0.016323283,0.000000000,0.097914156,-0.025919296,-0.994857280,0.000000000,0.456027907,-0.006588883,0.308499111,1.000000000,0.994233316,-0.093072009,0.053089190,0.000000000,-0.094459450,-0.995223711,0.024247145,0.000000000,0.050579864,-0.029122656,-0.998295321,0.000000000,0.437462418,0.001380487,0.290236075,1.000000000,1.791168620,0.753345985,-0.581028993,-0.312502726,-0.257328461,-0.064565032
1774926818.000000000,997653961.000000000,0.989686964,-0.095450256,0.106722578,0.000000000,-0.097594796,-0.995102858,0.015043446,0.000000000,0.104766059,-0.025304358,-0.994174915,0.000000000,0.460607705,-0.008131954,0.311903421,1.000000000,0.994233316,-0.093072009,0.053089190,0.000000000,-0.094459450,-0.995223711,0.024247145,0.000000000,0.050579864,-0.029122656,-0.998295321,0.000000000,0.437462418,0.001380487,0.290236075,1.000000000,2.959927542,0.758791525,-0.746580225,-0.314029158,-0.466611997,-0.094353013
1774926819.000000000,32015323.000000000,0.989066002,-0.095128167,0.112604719,0.000000000,-0.097274684,-0.995153447,0.013711322,0.000000000,0.110756774,-0.024515463,-0.993545132,0.000000000,0.465819601,-0.009845814,0.314980759,1.000000000,0.994233316,-0.093072009,0.053089190,0.000000000,-0.094459450,-0.995223711,0.024247145,0.000000000,0.050579864,-0.029122656,-0.998295321,0.000000000,0.437462418,0.001380487,0.290236075,1.000000000,1.273443289,0.669829896,-1.980992714,-0.368315611,-0.226187063,-0.117297225
1774926819.000000000,65325975.000000000,0.988391923,-0.094447750,0.118919202,0.000000000,-0.096576828,-0.995240393,0.012256560,0.000000000,0.117197846,-0.023599578,-0.992828145,0.000000000,0.471935042,-0.011633867,0.318380371,1.000000000,0.994233316,-0.093072009,0.053089190,0.000000000,-0.094459450,-0.995223711,0.024247145,0.000000000,0.050579864,-0.029122656,-0.998295321,0.000000000,0.437462418,0.001380487,0.290236075,1.000000000,2.916060427,1.034308384,0.697255581,-0.297503597,-0.452814594,-0.117702634
1774926819.000000000,100296020.000000000,0.987843313,-0.093308262,0.124257414,0.000000000,-0.095337114,-0.995380314,0.010469582,0.000000000,0.122708848,-0.022189077,-0.992194630,0.000000000,0.478821373,-0.013672743,0.321259206,1.000000000,0.994233316,-0.093072009,0.053089190,0.000000000,-0.094459450,-0.995223711,0.024247145,0.000000000,0.050579864,-0.029122656,-0.998295321,0.000000000,0.437462418,0.001380487,0.290236075,1.000000000,0.420104512,0.654826371,-1.867671628,-0.405225842,-0.094212123,-0.083389116
1774926819.000000000,133692264.000000000,0.987293659,-0.092017458,0.129478822,0.000000000,-0.093937632,-0.995529623,0.008788491,0.000000000,0.128093775,-0.020840156,-0.991543077,0.000000000,0.486528727,-0.016285836,0.324121634,1.000000000,0.994233316,-0.093072009,0.053089190,0.000000000,-0.094459450,-0.995223711,0.024247145,0.000000000,0.050579864,-0.029122656,-0.998295321,0.000000000,0.437462418,0.001380487,0.290236075,1.000000000,0.352834383,-1.421379051,-0.999188802,-0.709047100,-0.082633085,-0.015126948
1774926819.000000000,167364358.000000000,0.986578363,-0.092302955,0.134625575,0.000000000,-0.094172287,-0.995517463,0.007570160,0.000000000,0.133325929,-0.020146942,-0.990867447,0.000000000,0.494919997,-0.020575338,0.326880854,1.000000000,0.994233316,-0.093072009,0.053089190,0.000000000,-0.094459450,-0.995223711,0.024247145,0.000000000,0.050579864,-0.029122656,-0.998295321,0.000000000,0.437462418,0.001380487,0.290236075,1.000000000,0.352834383,-1.421379051,-0.999188802,-0.709047100,-0.082633085,-0.015126948
1774926819.000000000,201459646.000000000,0.985956681,-0.093788761,0.138108065,0.000000000,-0.095499069,-0.995402980,0.005794975,0.000000000,0.136932312,-0.018903150,-0.990400027,0.000000000,0.503628495,-0.026313692,0.329030465,1.000000000,0.994233316,-0.093072009,0.053089190,0.000000000,-0.094459450,-0.995223711,0.024247145,0.000000000,0.050579864,-0.029122656,-0.998295321,0.000000000,0.437462418,0.001380487,0.290236075,1.000000000,2.470918346,-5.310829330,3.781846370,-0.995715940,-0.391611415,-0.035509340
1774926819.000000000,236033201.000000000,0.985425548,-0.094148295,0.141609796,0.000000000,-0.095520512,-0.995413542,0.002908449,0.000000000,0.140689192,-0.016393016,-0.989918088,0.000000000,0.513156289,-0.032560554,0.330577785,1.000000000,0.994233316,-0.093072009,0.053089190,0.000000000,-0.094459450,-0.995223711,0.024247145,0.000000000,0.050579864,-0.029122656,-0.998295321,0.000000000,0.437462418,0.001380487,0.290236075,1.000000000,2.956295615,-6.800145923,3.183602859,-1.153397890,-0.616741485,-0.105336484
1774926819.000000000,269587755.000000000,0.985061748,-0.094019489,0.144202760,0.000000000,-0.095009167,-0.995466727,-0.000023419,0.000000000,0.143554015,-0.013677778,-0.989547959,0.000000000,0.523089463,-0.039805661,0.331539877,1.000000000,0.994233316,-0.093072009,0.053089190,0.000000000,-0.094459450,-0.995223711,0.024247145,0.000000000,0.050579864,-0.029122656,-0.998295321,0.000000000,0.437462418,0.001380487,0.290236075,1.000000000,2.956295615,-6.800145923,3.183602859,-1.153397890,-0.616741485,-0.105336484
1774926819.000000000,303203582.000000000,0.984552617,-0.094083424,0.147598106,0.000000000,-0.094559968,-0.995502242,-0.003800831,0.000000000,0.147294677,-0.010214951,-0.989039905,0.000000000,0.533647243,-0.048179048,0.332460411,1.000000000,0.994233316,-0.093072009,0.053089190,0.000000000,-0.094459450,-0.995223711,0.024247145,0.000000000,0.050579864,-0.029122656,-0.998295321,0.000000000,0.437462418,0.001380487,0.290236075,1.000000000,3.864595263,-9.176233436,3.378694959,-1.540826350,-0.757732898,-0.007402395
1774926819.000000000,337238311.000000000,0.984229195,-0.093021401,0.150401656,0.000000000,-0.092869487,-0.995636086,-0.008049132,0.000000000,0.150496956,-0.006045650,-0.988591987,0.000000000,0.544452288,-0.057287573,0.332954005,1.000000000,0.994233316,-0.093072009,0.053089190,0.000000000,-0.094459450,-0.995223711,0.024247145,0.000000000,0.050579864,-0.029122656,-0.998295321,0.000000000,0.437462418,0.001380487,0.290236075,1.000000000,3.100937561,-10.830408561,5.500546369,-1.867078940,-0.632017496,0.015911456
1774926819.000000000,371585845.000000000,0.984122682,-0.091791123,0.151847565,0.000000000,-0.091026917,-0.995766565,-0.011991489,0.000000000,0.152308373,-0.002021158,-0.988330954,0.000000000,0.555137536,-0.067658568,0.332646891,1.000000000,0.994233316,-0.093072009,0.053089190,0.000000000,-0.094459450,-0.995223711,0.024247145,0.000000000,0.050579864,-0.029122656,-0.998295321,0.000000000,0.437462418,0.001380487,0.290236075,1.000000000,7.224913237,-14.080988360,8.157212972,-2.470895357,-1.258104852,0.260591236
1774926819.000000000,405767440.000000000,0.983671697,-0.091845400,0.154709929,0.000000000,-0.090476428,-0.995762285,-0.015881879,0.000000000,0.155515984,0.001624985,-0.987832039,0.000000000,0.566153716,-0.079623476,0.332455141,1.000000000,0.994233316,-0.093072009,0.053089190,0.000000000,-0.094459450,-0.995223711,0.024247145,0.000000000,0.050579864,-0.029122656,-0.998295321,0.000000000,0.437462418,0.001380487,0.290236075,1.000000000,6.289032056,-16.077357900,12.901109628,-2.688458998,-1.148901686,0.217454227
1774926819.000000000,439677953.000000000,0.983780456,-0.089782178,0.155228613,0.000000000,-0.087889220,-0.995938816,-0.019029088,0.000000000,0.156309684,0.005077621,-0.987695044,0.000000000,0.576560563,-0.092722486,0.331223972,1.000000000,0.994233316,-0.093072009,0.053089190,0.000000000,-0.094459450,-0.995223711,0.024247145,0.000000000,0.050579864,-0.029122656,-0.998295321,0.000000000,0.437462418,0.001380487,0.290236075,1.000000000,9.128730209,-17.177302437,12.977580819,-2.889817953,-1.452867881,0.448348590
1774926819.000000000,473070144.000000000,0.984187364,-0.085833103,0.154882725,0.000000000,-0.083021795,-0.996235844,-0.024541227,0.000000000,0.156409183,0.011294741,-0.987627762,0.000000000,0.586562718,-0.105648679,0.329524000,1.000000000,0.994233316,-0.093072009,0.053089190,0.000000000,-0.094459450,-0.995223711,0.024247145,0.000000000,0.050579864,-0.029122656,-0.998295321,0.000000000,0.437462418,0.001380487,0.290236075,1.000000000,9.128730209,-17.177302437,12.977580819,-2.889817953,-1.452867881,0.448348590
1774926819.000000000,507229328.000000000,0.984601471,-0.081476875,0.154603392,0.000000000,-0.077573585,-0.996491028,-0.031124214,0.000000000,0.156599812,0.018652167,-0.987485998,0.000000000,0.596435391,-0.117671787,0.327215947,1.000000000,0.994233316,-0.093072009,0.053089190,0.000000000,-0.094459450,-0.995223711,0.024247145,0.000000000,0.050579864,-0.029122656,-0.998295321,0.000000000,0.437462418,0.001380487,0.290236075,1.000000000,14.534871061,-10.866330494,17.777767439,-2.790814691,-1.757907801,0.972643758
1774926819.000000000,541831016.000000000,0.984923571,-0.078735375,0.153970928,0.000000000,-0.073988603,-0.996587505,-0.036328758,0.000000000,0.156308871,0.024389426,-0.987407055,0.000000000,0.606053644,-0.129136820,0.324086031,1.000000000,0.994233316,-0.093072009,0.053089190,0.000000000,-0.094459450,-0.995223711,0.024247145,0.000000000,0.050579864,-0.029122656,-0.998295321,0.000000000,0.437462418,0.001380487,0.290236075,1.000000000,14.534871061,-10.866330494,17.777767439,-2.790814691,-1.757907801,0.972643758
1774926819.000000000,575541257.000000000,0.985553676,-0.075815548,0.151382634,0.000000000,-0.070647380,-0.996719629,-0.039238714,0.000000000,0.153863910,0.027977611,-0.987695880,0.000000000,0.615195777,-0.139854486,0.319396971,1.000000000,0.994233316,-0.093072009,0.053089190,0.000000000,-0.094459450,-0.995223711,0.024247145,0.000000000,0.050579864,-0.029122656,-0.998295321,0.000000000,0.437462418,0.001380487,0.290236075,1.000000000,13.055932618,-7.394579344,13.277892511,-2.431331146,-1.524472572,1.016345032
1774926819.000000000,609955549.000000000,0.986215666,-0.073991575,0.147934627,0.000000000,-0.068776222,-0.996817379,-0.040071080,0.000000000,0.150431626,0.029344907,-0.988184802,0.000000000,0.623931905,-0.149526414,0.313671567,1.000000000,0.994233316,-0.093072009,0.053089190,0.000000000,-0.094459450,-0.995223711,0.024247145,0.000000000,0.050579864,-0.029122656,-0.998295321,0.000000000,0.437462418,0.001380487,0.290236075,1.000000000,15.274999843,-4.425545746,15.413691802,-1.995305806,-1.775902330,1.005581169
1774926819.000000000,643847703.000000000,0.986671705,-0.074761495,0.144465956,0.000000000,-0.069804254,-0.996784855,-0.039090478,0.000000000,0.146926769,0.028485679,-0.988737119,0.000000000,0.632409421,-0.158432095,0.306586266,1.000000000,0.994233316,-0.093072009,0.053089190,0.000000000,-0.094459450,-0.995223711,0.024247145,0.000000000,0.050579864,-0.029122656,-0.998295321,0.000000000,0.437462418,0.001380487,0.290236075,1.000000000,15.274999843,-4.425545746,15.413691802,-1.995305806,-1.775902330,1.005581169
1774926819.000000000,677556037.000000000,0.986814196,-0.076160627,0.142751704,0.000000000,-0.071593651,-0.996742633,-0.036867602,0.000000000,0.145097363,0.026161861,-0.989071439,0.000000000,0.640782558,-0.167109665,0.299273999,1.000000000,0.994233316,-0.093072009,0.053089190,0.000000000,-0.094459450,-0.995223711,0.024247145,0.000000000,0.050579864,-0.029122656,-0.998295321,0.000000000,0.437462418,0.001380487,0.290236075,1.000000000,11.966651028,-4.858590879,11.086971782,-1.868515979,-1.504860252,0.821031173
1774926819.000000000,712438821.000000000,0.987069969,-0.077143122,0.140437039,0.000000000,-0.072872663,-0.996706391,-0.035308534,0.000000000,0.142701053,0.024618447,-0.989459621,0.000000000,0.648774826,-0.174960270,0.291238506,1.000000000,0.994233316,-0.093072009,0.053089190,0.000000000,-0.094459450,-0.995223711,0.024247145,0.000000000,0.050579864,-0.029122656,-0.998295321,0.000000000,0.437462418,0.001380487,0.290236075,1.000000000,6.567454440,-5.486078199,10.611187495,-1.981889168,-1.263334347,0.522666601
1774926819.000000000,746084213.000000000,0.987562657,-0.077260064,0.136863539,0.000000000,-0.073222389,-0.996715922,-0.034301601,0.000000000,0.139066889,0.023853964,-0.989995651,0.000000000,0.656036916,-0.181683182,0.282594384,1.000000000,0.994233316,-0.093072009,0.053089190,0.000000000,-0.094459450,-0.995223711,0.024247145,0.000000000,0.050579864,-0.029122656,-0.998295321,0.000000000,0.437462418,0.001380487,0.290236075,1.000000000,7.294392295,-3.240899673,11.936577210,-1.777708121,-1.354855357,0.533191320
1774926819.000000000,779658079.000000000,0.988077617,-0.077376455,0.133027267,0.000000000,-0.073596705,-0.996728762,-0.033106608,0.000000000,0.135156378,0.022921971,-0.990559103,0.000000000,0.662711170,-0.187803583,0.273468817,1.000000000,0.994233316,-0.093072009,0.053089190,0.000000000,-0.094459450,-0.995223711,0.024247145,0.000000000,0.050579864,-0.029122656,-0.998295321,0.000000000,0.437462418,0.001380487,0.290236075,1.000000000,7.294392295,-3.240899673,11.936577210,-1.777708121,-1.354855357,0.533191320
1774926819.000000000,812756538.000000000,0.988526924,-0.077962383,0.129294755,0.000000000,-0.074591785,-0.996731294,-0.030717094,0.000000000,0.131269434,0.020720746,-0.991130156,0.000000000,0.668686941,-0.193661656,0.264572439,1.000000000,0.994233316,-0.093072009,0.053089190,0.000000000,-0.094459450,-0.995223711,0.024247145,0.000000000,0.050579864,-0.029122656,-0.998295321,0.000000000,0.437462418,0.001380487,0.290236075,1.000000000,6.463690560,-3.613616561,6.758635697,-1.818876554,-1.457350410,0.505501329
1774926819.000000000,846377372.000000000,0.989220599,-0.078356554,0.123626872,0.000000000,-0.075423752,-0.996742101,-0.028234532,0.000000000,0.125438883,0.018606137,-0.991926861,0.000000000,0.673956877,-0.199119429,0.254488591,1.000000000,0.994233316,-0.093072009,0.053089190,0.000000000,-0.094459450,-0.995223711,0.024247145,0.000000000,0.050579864,-0.029122656,-0.998295321,0.000000000,0.437462418,0.001380487,0.290236075,1.000000000,5.009069470,-3.051092037,7.268878381,-1.572326913,-1.265615172,0.408651781
1774926819.000000000,880577087.000000000,0.990171464,-0.077775892,0.116155625,0.000000000,-0.075262794,-0.996818346,-0.025873611,0.000000000,0.117800669,0.016877440,-0.992893828,0.000000000,0.678300998,-0.203638926,0.243380072,1.000000000,0.994233316,-0.093072009,0.053089190,0.000000000,-0.094459450,-0.995223711,0.024247145,0.000000000,0.050579864,-0.029122656,-0.998295321,0.000000000,0.437462418,0.001380487,0.290236075,1.000000000,4.307856767,-2.426926468,6.500433843,-1.328555918,-1.116220082,0.383037653
1774926819.000000000,914404392.000000000,0.991054639,-0.077452520,0.108593541,0.000000000,-0.075340334,-0.996873007,-0.023426253,0.000000000,0.110070511,0.015035513,-0.993810050,0.000000000,0.682011576,-0.207408007,0.232237384,1.000000000,0.994233316,-0.093072009,0.053089190,0.000000000,-0.094459450,-0.995223711,0.024247145,0.000000000,0.050579864,-0.029122656,-0.998295321,0.000000000,0.437462418,0.001380487,0.290236075,1.000000000,3.571566112,-1.667461728,0.139772257,-1.124873202,-1.080356238,0.448978349
1774926819.000000000,948783397.000000000,0.991809604,-0.077121173,0.101719128,0.000000000,-0.075345856,-0.996922699,-0.021186809,0.000000000,0.103042043,0.013349423,-0.994587417,0.000000000,0.685188825,-0.210646725,0.221494170,1.000000000,0.994233316,-0.093072009,0.053089190,0.000000000,-0.094459450,-0.995223711,0.024247145,0.000000000,0.050579864,-0.029122656,-0.998295321,0.000000000,0.437462418,0.001380487,0.290236075,1.000000000,3.217152842,-0.941933033,-1.921657741,-1.075862231,-0.853266989,0.538167822
1774926819.000000000,982530117.000000000,0.992393289,-0.076984563,0.095967098,0.000000000,-0.075481031,-0.996952612,-0.019205465,0.000000000,0.097155044,0.011815906,-0.995199117,0.000000000,0.687936870,-0.213457956,0.211393030,1.000000000,0.994233316,-0.093072009,0.053089190,0.000000000,-0.094459450,-0.995223711,0.024247145,0.000000000,0.050579864,-0.029122656,-0.998295321,0.000000000,0.437462418,0.001380487,0.290236075,1.000000000,3.217152842,-0.941933033,-1.921657741,-1.075862231,-0.853266989,0.538167822
1774926820.000000000,16459226.000000000,0.992911390,-0.076925004,0.090500063,0.000000000,-0.075670244,-0.996974537,-0.017220139,0.000000000,0.091552681,0.010250108,-0.995747479,0.000000000,0.690174823,-0.215870627,0.201710024,1.000000000,0.994233316,-0.093072009,0.053089190,0.000000000,-0.094459450,-0.995223711,0.024247145,0.000000000,0.050579864,-0.029122656,-0.998295321,0.000000000,0.437462418,0.001380487,0.290236075,1.000000000,2.199420903,-0.953891495,-2.456206383,-1.145162016,-0.560725464,0.591984501
1774926820.000000000,50784349.000000000,0.993271182,-0.077041824,0.086357766,0.000000000,-0.075984660,-0.996979356,-0.015467462,0.000000000,0.087290232,0.008801688,-0.996144039,0.000000000,0.692150316,-0.218037973,0.193039768,1.000000000,0.994233316,-0.093072009,0.053089190,0.000000000,-0.094459450,-0.995223711,0.024247145,0.000000000,0.050579864,-0.029122656,-0.998295321,0.000000000,0.437462418,0.001380487,0.290236075,1.000000000,2.919329784,-0.976551965,-2.223230084,-1.185133179,-0.654235615,0.615424391
1774926820.000000000,86608886.000000000,0.993567623,-0.076733038,0.083163490,0.000000000,-0.075807282,-0.997011182,-0.014237448,0.000000000,0.084009029,0.007841620,-0.996434138,0.000000000,0.693727090,-0.219919804,0.185081670,1.000000000,0.994233316,-0.093072009,0.053089190,0.000000000,-0.094459450,-0.995223711,0.024247145,0.000000000,0.050579864,-0.029122656,-0.998295321,0.000000000,0.437462418,0.001380487,0.290236075,1.000000000,3.550222916,-0.638772213,0.473478009,-1.127104838,-0.668142735,0.611939884
1774926820.000000000,118951797.000000000,0.993862460,-0.076322250,0.079956691,0.000000000,-0.075457595,-0.997044072,-0.013784651,0.000000000,0.080773976,0.007666855,-0.996702957,0.000000000,0.694797378,-0.221615253,0.177732328,1.000000000,0.994233316,-0.093072009,0.053089190,0.000000000,-0.094459450,-0.995223711,0.024247145,0.000000000,0.050579864,-0.029122656,-0.998295321,0.000000000,0.437462418,0.001380487,0.290236075,1.000000000,3.546234058,-0.056452882,1.373353497,-0.990984820,-0.604874608,0.591728374
1774926820.000000000,152872800.000000000,0.994108792,-0.076444296,0.076711966,0.000000000,-0.075608775,-0.997033212,-0.013741717,0.000000000,0.077536347,0.007860816,-0.996958536,0.000000000,0.695410934,-0.223192744,0.170995203,1.000000000,0.994233316,-0.093072009,0.053089190,0.000000000,-0.094459450,-0.995223711,0.024247145,0.000000000,0.050579864,-0.029122656,-0.998295321,0.000000000,0.437462418,0.001380487,0.290236075,1.000000000,2.711046073,-0.979976488,-2.091416756,-1.168144916,-0.570003407,0.615723362
1774926820.000000000,186554670.000000000,0.994266708,-0.076687871,0.074387036,0.000000000,-0.075899685,-0.997016169,-0.013369498,0.000000000,0.075191804,0.007647041,-0.997139767,0.000000000,0.695717086,-0.224690008,0.165160263,1.000000000,0.994233316,-0.093072009,0.053089190,0.000000000,-0.094459450,-0.995223711,0.024247145,0.000000000,0.050579864,-0.029122656,-0.998295321,0.000000000,0.437462418,0.001380487,0.290236075,1.000000000,3.535934244,-0.473824808,0.901070144,-1.090740208,-0.620828551,0.575634912
1774926820.000000000,220901966.000000000,0.994385178,-0.077395438,0.072033401,0.000000000,-0.076647245,-0.996962586,-0.013097696,0.000000000,0.072829710,0.007503138,-0.997316167,0.000000000,0.695697493,-0.226129462,0.159989820,1.000000000,0.994233316,-0.093072009,0.053089190,0.000000000,-0.094459450,-0.995223711,0.024247145,0.000000000,0.050579864,-0.029122656,-0.998295321,0.000000000,0.437462418,0.001380487,0.290236075,1.000000000,3.535934244,-0.473824808,0.901070144,-1.090740208,-0.620828551,0.575634912
1774926820.000000000,255379438.000000000,0.994515313,-0.077829745,0.069732128,0.000000000,-0.077165164,-0.996934290,-0.012178097,0.000000000,0.070467524,0.006730542,-0.997491367,0.000000000,0.695382433,-0.227514747,0.155555584,1.000000000,0.994233316,-0.093072009,0.053089190,0.000000000,-0.094459450,-0.995223711,0.024247145,0.000000000,0.050579864,-0.029122656,-0.998295321,0.000000000,0.437462418,0.001380487,0.290236075,1.000000000,3.098321555,-0.779721780,-1.026890913,-1.136206010,-0.605081915,0.565508594
1774926820.000000000,289511680.000000000,0.994587789,-0.078523513,0.067896505,0.000000000,-0.077949568,-0.996886234,-0.011065677,0.000000000,0.068555327,0.005713394,-0.997630956,0.000000000,0.694928909,-0.228939459,0.151747849,1.000000000,0.994233316,-0.093072009,0.053089190,0.000000000,-0.094459450,-0.995223711,0.024247145,0.000000000,0.050579864,-0.029122656,-0.998295321,0.000000000,0.437462418,0.001380487,0.290236075,1.000000000,3.627420439,-0.104004238,0.638041913,-0.982326115,-0.640248037,0.503825407
1774926820.000000000,323666095.000000000,0.994601481,-0.079712263,0.066291747,0.000000000,-0.079198273,-0.996795497,-0.010349793,0.000000000,0.066905609,0.005043825,-0.997746561,0.000000000,0.694335540,-0.230205151,0.148729136,1.000000000,0.994233316,-0.093072009,0.053089190,0.000000000,-0.094459450,-0.995223711,0.024247145,0.000000000,0.050579864,-0.029122656,-0.998295321,0.000000000,0.437462418,0.001380487,0.290236075,1.000000000,3.627420439,-0.104004238,0.638041913,-0.982326115,-0.640248037,0.503825407
1774926820.000000000,358009815.000000000,0.994627196,-0.081053628,0.064247938,0.000000000,-0.080591532,-0.996689809,-0.009755890,0.000000000,0.064827263,0.004525721,-0.997886238,0.000000000,0.693599072,-0.231415846,0.146177174,1.000000000,0.994233316,-0.093072009,0.053089190,0.000000000,-0.094459450,-0.995223711,0.024247145,0.000000000,0.050579864,-0.029122656,-0.998295321,0.000000000,0.437462418,0.001380487,0.290236075,1.000000000,2.521079701,-0.425021984,-0.296762191,-0.995155171,-0.450360686,0.408574900
1774926820.000000000,391388893.000000000,0.994662379,-0.082373764,0.061984373,0.000000000,-0.081974499,-0.996584478,-0.008961362,0.000000000,0.062512049,0.003832466,-0.998036851,0.000000000,0.692795120,-0.232621024,0.144188421,1.000000000,0.994233316,-0.093072009,0.053089190,0.000000000,-0.094459450,-0.995223711,0.024247145,0.000000000,0.050579864,-0.029122656,-0.998295321,0.000000000,0.437462418,0.001380487,0.290236075,1.000000000,2.521079701,-0.425021984,-0.296762191,-0.995155171,-0.450360686,0.408574900
1774926820.000000000,425991535.000000000,0.994669497,-0.083729480,0.060022600,0.000000000,-0.083400849,-0.996474596,-0.007963995,0.000000000,0.060478982,0.002915664,-0.998165213,0.000000000,0.692029312,-0.233883402,0.142788876,1.000000000,0.994233316,-0.093072009,0.053089190,0.000000000,-0.094459450,-0.995223711,0.024247145,0.000000000,0.050579864,-0.029122656,-0.998295321,0.000000000,0.437462418,0.001380487,0.290236075,1.000000000,2.106107786,-0.601855929,-0.154223514,-0.983212472,-0.369540481,0.311814806
1774926820.000000000,459738969.000000000,0.994646852,-0.085100388,0.058449217,0.000000000,-0.084853193,-0.996361258,-0.006702703,0.000000000,0.058808070,0.001707252,-0.998267848,0.000000000,0.691304335,-0.235216845,0.141898167,1.000000000,0.994233316,-0.093072009,0.053089190,0.000000000,-0.094459450,-0.995223711,0.024247145,0.000000000,0.050579864,-0.029122656,-0.998295321,0.000000000,0.437462418,0.001380487,0.290236075,1.000000000,1.792943222,-0.822919805,-0.549327597,-0.986652079,-0.342921599,0.272804668
1774926820.000000000,494091749.000000000,0.994595771,-0.086388332,0.057419986,0.000000000,-0.086219624,-0.996251783,-0.005413736,0.000000000,0.057673558,0.000433757,-0.998335401,0.000000000,0.690690534,-0.236508719,0.141428119,1.000000000,0.994233316,-0.093072009,0.053089190,0.000000000,-0.094459450,-0.995223711,0.024247145,0.000000000,0.050579864,-0.029122656,-0.998295321,0.000000000,0.437462418,0.001380487,0.290236075,1.000000000,1.356860528,-0.378868292,-0.467308379,-0.876984581,-0.279073022,0.219991972
1774926820.000000000,528012752.000000000,0.994530814,-0.087634930,0.056650905,0.000000000,-0.087556804,-0.996142369,-0.003864494,0.000000000,0.056772125,-0.001116836,-0.998386538,0.000000000,0.690115637,-0.237886032,0.141178357,1.000000000,0.994233316,-0.093072009,0.053089190,0.000000000,-0.094459450,-0.995223711,0.024247145,0.000000000,0.050579864,-0.029122656,-0.998295321,0.000000000,0.437462418,0.001380487,0.290236075,1.000000000,1.356860528,-0.378868292,-0.467308379,-0.876984581,-0.279073022,0.219991972
1774926820.000000000,561712026.000000000,0.994463538,-0.088748120,0.056096256,0.000000000,-0.088745625,-0.996041418,-0.002540541,0.000000000,0.056100743,-0.002451870,-0.998422103,0.000000000,0.689609071,-0.239211164,0.141006983,1.000000000,0.994233316,-0.093072009,0.053089190,0.000000000,-0.094459450,-0.995223711,0.024247145,0.000000000,0.050579864,-0.029122656,-0.998295321,0.000000000,0.437462418,0.001380487,0.290236075,1.000000000,1.244203090,-0.566570663,-0.440813634,-0.874149711,-0.271514568,0.179668551
1774926820.000000000,595311164.000000000,0.994390117,-0.089888677,0.055579390,0.000000000,-0.089959973,-0.995934965,-0.001222907,0.000000000,0.055464451,-0.003783947,-0.998453492,0.000000000,0.689113069,-0.240531504,0.140853566,1.000000000,0.994233316,-0.093072009,0.053089190,0.000000000,-0.094459450,-0.995223711,0.024247145,0.000000000,0.050579864,-0.029122656,-0.998295321,0.000000000,0.437462418,0.001380487,0.290236075,1.000000000,0.882902105,-0.264652569,-0.748281983,-0.766367097,-0.227333268,0.116303822
