ros_time_sec,ros_time_nsec,O_T_EE_0,O_T_EE_1,O_T_EE_2,O_T_EE_3,O_T_EE_4,O_T_EE_5,O_T_EE_6,O_T_EE_7,O_T_EE_8,O_T_EE_9,O_T_EE_10,O_T_EE_11,O_T_EE_12,O_T_EE_13,O_T_EE_14,O_T_EE_15,O_T_EE_d_0,O_T_EE_d_1,O_T_EE_d_2,O_T_EE_d_3,O_T_EE_d_4,O_T_EE_d_5,O_T_EE_d_6,O_T_EE_d_7,O_T_EE_d_8,O_T_EE_d_9,O_T_EE_d_10,O_T_EE_d_11,O_T_EE_d_12,O_T_EE_d_13,O_T_EE_d_14,O_T_EE_d_15,F_ext_x,F_ext_y,F_ext_z,F_ext_wx,F_ext_wy,F_ext_wz
1774903531.000000000,833062410.000000000,0.990594224,-0.109280458,0.082229025,0.000000000,-0.112242362,-0.993146405,0.032289589,0.000000000,0.078138344,-0.041216254,-0.996090166,0.000000000,0.541709435,-0.081875790,0.209691688,1.000000000,0.990466603,-0.109712960,0.083184865,0.000000000,-0.112723134,-0.993088910,0.032383001,0.000000000,0.079058654,-0.041451937,-0.996007764,0.000000000,0.541834329,-0.081914824,0.210217527,1.000000000,-0.868101410,0.006191163,-1.514113484,-0.083368186,0.006685919,0.089535623
1774903531.000000000,863952159.000000000,0.990593092,-0.109283593,0.082238495,0.000000000,-0.112245920,-0.993145994,0.032289860,0.000000000,0.078147584,-0.041217841,-0.996089376,0.000000000,0.541712339,-0.081876497,0.209695038,1.000000000,0.990466603,-0.109712960,0.083184865,0.000000000,-0.112723134,-0.993088910,0.032383001,0.000000000,0.079058654,-0.041451937,-0.996007764,0.000000000,0.541834329,-0.081914824,0.210217527,1.000000000,-0.868101410,0.006191163,-1.514113484,-0.083368186,0.006685919,0.089535623
1774903531.000000000,897758483.000000000,0.990594789,-0.109274570,0.082230036,0.000000000,-0.112236504,-0.993147066,0.032289632,0.000000000,0.078139588,-0.041215947,-0.996090082,0.000000000,0.541710001,-0.081872805,0.209691920,1.000000000,0.990466603,-0.109712960,0.083184865,0.000000000,-0.112723134,-0.993088910,0.032383001,0.000000000,0.079058654,-0.041451937,-0.996007764,0.000000000,0.541834329,-0.081914824,0.210217527,1.000000000,-0.853618584,0.007744369,-1.512500154,-0.077256119,0.003514619,0.086064001
1774903531.000000000,932079553.000000000,0.990594911,-0.109270887,0.082233464,0.000000000,-0.112232993,-0.993147446,0.032290134,0.000000000,0.078143088,-0.041216543,-0.996089782,0.000000000,0.541711366,-0.081870056,0.209693497,1.000000000,0.990466603,-0.109712960,0.083184865,0.000000000,-0.112723134,-0.993088910,0.032383001,0.000000000,0.079058654,-0.041451937,-0.996007764,0.000000000,0.541834329,-0.081914824,0.210217527,1.000000000,-0.821436440,-0.002472835,-1.489036172,-0.094686711,0.000034322,0.100516709
1774903531.000000000,966265678.000000000,0.990594172,-0.109278598,0.082232123,0.000000000,-0.112240688,-0.993146568,0.032290385,0.000000000,0.078141407,-0.041217251,-0.996089885,0.000000000,0.541710327,-0.081873745,0.209692224,1.000000000,0.990466603,-0.109712960,0.083184865,0.000000000,-0.112723134,-0.993088910,0.032383001,0.000000000,0.079058654,-0.041451937,-0.996007764,0.000000000,0.541834329,-0.081914824,0.210217527,1.000000000,-0.813331017,0.004037643,-1.481970906,-0.087986200,-0.003226135,0.093484310
1774903531.000000000,999470233.000000000,0.990594684,-0.109277374,0.082227573,0.000000000,-0.112239192,-0.993146770,0.032289369,0.000000000,0.078137056,-0.041215628,-0.996090293,0.000000000,0.541709486,-0.081871373,0.209689914,1.000000000,0.990466603,-0.109712960,0.083184865,0.000000000,-0.112723134,-0.993088910,0.032383001,0.000000000,0.079058654,-0.041451937,-0.996007764,0.000000000,0.541834329,-0.081914824,0.210217527,1.000000000,-0.820500385,0.031031577,-1.504017807,-0.075332264,-0.004414028,0.087760459
1774903532.000000000,33482789.000000000,0.990594075,-0.109281517,0.082229413,0.000000000,-0.112243360,-0.993146325,0.032288572,0.000000000,0.078138800,-0.041215367,-0.996090167,0.000000000,0.541709420,-0.081872770,0.209690878,1.000000000,0.990466603,-0.109712960,0.083184865,0.000000000,-0.112723134,-0.993088910,0.032383001,0.000000000,0.079058654,-0.041451937,-0.996007764,0.000000000,0.541834329,-0.081914824,0.210217527,1.000000000,-0.820500385,0.031031577,-1.504017807,-0.075332264,-0.004414028,0.087760459
1774903532.000000000,68109750.000000000,0.990594461,-0.109277060,0.082230676,0.000000000,-0.112239085,-0.993146750,0.032290377,0.000000000,0.078140036,-0.041216958,-0.996090005,0.000000000,0.541710184,-0.081874462,0.209693387,1.000000000,0.990466603,-0.109712960,0.083184865,0.000000000,-0.112723134,-0.993088910,0.032383001,0.000000000,0.079058654,-0.041451937,-0.996007764,0.000000000,0.541834329,-0.081914824,0.210217527,1.000000000,-0.801937883,0.039569115,-1.468698530,-0.083308972,-0.002729455,0.092912307
1774903532.000000000,101854324.000000000,0.990594492,-0.109283704,0.082221474,0.000000000,-0.112245332,-0.993146058,0.032289950,0.000000000,0.078130671,-0.041216017,-0.996090778,0.000000000,0.541707566,-0.081876940,0.209688544,1.000000000,0.990466603,-0.109712960,0.083184865,0.000000000,-0.112723134,-0.993088910,0.032383001,0.000000000,0.079058654,-0.041451937,-0.996007764,0.000000000,0.541834329,-0.081914824,0.210217527,1.000000000,-0.821535455,0.052684524,-1.480343774,-0.078760266,0.000486382,0.090955585
1774903532.000000000,135796308.000000000,0.990593040,-0.109287009,0.082234575,0.000000000,-0.112249174,-0.993145629,0.032289769,0.000000000,0.078143561,-0.041217577,-0.996089702,0.000000000,0.541710262,-0.081875977,0.209693600,1.000000000,0.990466603,-0.109712960,0.083184865,0.000000000,-0.112723134,-0.993088910,0.032383001,0.000000000,0.079058654,-0.041451937,-0.996007764,0.000000000,0.541834329,-0.081914824,0.210217527,1.000000000,-0.860153490,-0.029646510,-1.511967650,-0.090120141,0.005222491,0.093804949
1774903532.000000000,170122861.000000000,0.990595025,-0.109277326,0.082223531,0.000000000,-0.112239147,-0.993146705,0.032291538,0.000000000,0.078132801,-0.041217330,-0.996090557,0.000000000,0.541707304,-0.081875898,0.209689590,1.000000000,0.990466603,-0.109712960,0.083184865,0.000000000,-0.112723134,-0.993088910,0.032383001,0.000000000,0.079058654,-0.041451937,-0.996007764,0.000000000,0.541834329,-0.081914824,0.210217527,1.000000000,-0.860153490,-0.029646510,-1.511967650,-0.090120141,0.005222491,0.093804949
1774903532.000000000,204277276.000000000,0.990596824,-0.109278576,0.082200192,0.000000000,-0.112239172,-0.993146810,0.032288222,0.000000000,0.078109952,-0.041211486,-0.996092591,0.000000000,0.541702957,-0.081875579,0.209675907,1.000000000,0.990466603,-0.109712960,0.083184865,0.000000000,-0.112723134,-0.993088910,0.032383001,0.000000000,0.079058654,-0.041451937,-0.996007764,0.000000000,0.541834329,-0.081914824,0.210217527,1.000000000,-0.820653751,-0.020380172,-1.503538994,-0.086104149,-0.003976988,0.091460808
1774903532.000000000,237651348.000000000,0.990596184,-0.109280202,0.082205742,0.000000000,-0.112240939,-0.993146649,0.032287041,0.000000000,0.078115527,-0.041211063,-0.996092171,0.000000000,0.541704022,-0.081874737,0.209678464,1.000000000,0.990466603,-0.109712960,0.083184865,0.000000000,-0.112723134,-0.993088910,0.032383001,0.000000000,0.079058654,-0.041451937,-0.996007764,0.000000000,0.541834329,-0.081914824,0.210217527,1.000000000,-0.860174275,0.083352397,-1.505111037,-0.076270238,0.002913138,0.092064408
1774903532.000000000,271525144.000000000,0.990595241,-0.109283264,0.082213038,0.000000000,-0.112244356,-0.993146244,0.032287596,0.000000000,0.078122580,-0.041212682,-0.996091551,0.000000000,0.541705942,-0.081876261,0.209681689,1.000000000,0.990466603,-0.109712960,0.083184865,0.000000000,-0.112723134,-0.993088910,0.032383001,0.000000000,0.079058654,-0.041451937,-0.996007764,0.000000000,0.541834329,-0.081914824,0.210217527,1.000000000,-0.860174275,0.083352397,-1.505111037,-0.076270238,0.002913138,0.092064408
1774903532.000000000,305763244.000000000,0.990595976,-0.109281147,0.082206996,0.000000000,-0.112241914,-0.993146549,0.032286727,0.000000000,0.078116768,-0.041210966,-0.996092077,0.000000000,0.541704764,-0.081873409,0.209678498,1.000000000,0.990466603,-0.109712960,0.083184865,0.000000000,-0.112723134,-0.993088910,0.032383001,0.000000000,0.079058654,-0.041451937,-0.996007764,0.000000000,0.541834329,-0.081914824,0.210217527,1.000000000,-0.853526692,-0.089932533,-1.506996549,-0.100449013,0.002038027,0.093105261
1774903532.000000000,339734554.000000000,0.990596779,-0.109267323,0.082215700,0.000000000,-0.112228576,-0.993147989,0.032288776,0.000000000,0.078125753,-0.041212902,-0.996091293,0.000000000,0.541707328,-0.081870467,0.209683458,1.000000000,0.990466603,-0.109712960,0.083184865,0.000000000,-0.112723134,-0.993088910,0.032383001,0.000000000,0.079058654,-0.041451937,-0.996007764,0.000000000,0.541834329,-0.081914824,0.210217527,1.000000000,-0.858053963,-0.055023369,-1.489878920,-0.094391520,0.004298038,0.092684487
1774903532.000000000,374362707.000000000,0.990596233,-0.109278137,0.082207896,0.000000000,-0.112239126,-0.993146784,0.032289172,0.000000000,0.078117511,-0.041213269,-0.996091924,0.000000000,0.541704174,-0.081874889,0.209680361,1.000000000,0.990466603,-0.109712960,0.083184865,0.000000000,-0.112723134,-0.993088910,0.032383001,0.000000000,0.079058654,-0.041451937,-0.996007764,0.000000000,0.541834329,-0.081914824,0.210217527,1.000000000,-0.811311974,-0.016628276,-1.465259014,-0.089855221,-0.003191313,0.093562472
1774903532.000000000,408187150.000000000,0.990597275,-0.109277601,0.082196050,0.000000000,-0.112237892,-0.993147009,0.032286559,0.000000000,0.078106068,-0.041209282,-0.996092986,0.000000000,0.541702820,-0.081872921,0.209674169,1.000000000,0.990466603,-0.109712960,0.083184865,0.000000000,-0.112723134,-0.993088910,0.032383001,0.000000000,0.079058654,-0.041451937,-0.996007764,0.000000000,0.541834329,-0.081914824,0.210217527,1.000000000,-0.857092339,0.015043000,-1.504613381,-0.075822049,0.004380178,0.086101200
1774903532.000000000,441576719.000000000,0.990597686,-0.109269517,0.082201850,0.000000000,-0.112229974,-0.993147925,0.032285878,0.000000000,0.078112239,-0.041208621,-0.996092530,0.000000000,0.541705158,-0.081869647,0.209676328,1.000000000,0.990466603,-0.109712960,0.083184865,0.000000000,-0.112723134,-0.993088910,0.032383001,0.000000000,0.079058654,-0.041451937,-0.996007764,0.000000000,0.541834329,-0.081914824,0.210217527,1.000000000,-0.857092339,0.015043000,-1.504613381,-0.075822049,0.004380178,0.086101200
1774903532.000000000,476048469.000000000,0.990596280,-0.109277002,0.082208836,0.000000000,-0.112237908,-0.993146971,0.032287657,0.000000000,0.078118663,-0.041211774,-0.996091895,0.000000000,0.541705225,-0.081872890,0.209679947,1.000000000,0.990466603,-0.109712960,0.083184865,0.000000000,-0.112723134,-0.993088910,0.032383001,0.000000000,0.079058654,-0.041451937,-0.996007764,0.000000000,0.541834329,-0.081914824,0.210217527,1.000000000,-0.805811544,0.017113394,-1.450312678,-0.074792275,-0.002573605,0.085182618
1774903532.000000000,509402513.000000000,0.990595419,-0.109283674,0.082210352,0.000000000,-0.112244620,-0.993146229,0.032287157,0.000000000,0.078119945,-0.041211973,-0.996091787,0.000000000,0.541705420,-0.081876739,0.209679579,1.000000000,0.990466603,-0.109712960,0.083184865,0.000000000,-0.112723134,-0.993088910,0.032383001,0.000000000,0.079058654,-0.041451937,-0.996007764,0.000000000,0.541834329,-0.081914824,0.210217527,1.000000000,-0.878905068,-0.033877261,-1.577735542,-0.086360759,0.005941886,0.089107774
1774903532.000000000,543494701.000000000,0.990597573,-0.109275993,0.082194601,0.000000000,-0.112236065,-0.993147279,0.032284579,0.000000000,0.078104919,-0.041207017,-0.996093170,0.000000000,0.541703847,-0.081870456,0.209671027,1.000000000,0.990466603,-0.109712960,0.083184865,0.000000000,-0.112723134,-0.993088910,0.032383001,0.000000000,0.079058654,-0.041451937,-0.996007764,0.000000000,0.541834329,-0.081914824,0.210217527,1.000000000,-0.868283457,0.074296536,-1.514058417,-0.078102202,0.008341578,0.093953325
1774903532.000000000,577875614.000000000,0.990597250,-0.109278195,0.082195569,0.000000000,-0.112238384,-0.993146988,0.032285482,0.000000000,0.078105686,-0.041208201,-0.996093061,0.000000000,0.541704180,-0.081874759,0.209672489,1.000000000,0.990466603,-0.109712960,0.083184865,0.000000000,-0.112723134,-0.993088910,0.032383001,0.000000000,0.079058654,-0.041451937,-0.996007764,0.000000000,0.541834329,-0.081914824,0.210217527,1.000000000,-0.864567501,-0.014350561,-1.498348880,-0.094851308,0.010963046,0.096636143
1774903532.000000000,611798524.000000000,0.990595452,-0.109287716,0.082204580,0.000000000,-0.112248339,-0.993145848,0.032285950,0.000000000,0.078114184,-0.041210436,-0.996092302,0.000000000,0.541706236,-0.081881336,0.209672972,1.000000000,0.990466603,-0.109712960,0.083184865,0.000000000,-0.112723134,-0.993088910,0.032383001,0.000000000,0.079058654,-0.041451937,-0.996007764,0.000000000,0.541834329,-0.081914824,0.210217527,1.000000000,-0.864567501,-0.014350561,-1.498348880,-0.094851308,0.010963046,0.096636143
1774903532.000000000,646211385.000000000,0.990595003,-0.109281138,0.082218726,0.000000000,-0.112241825,-0.993146794,0.032279497,0.000000000,0.078129228,-0.041205081,-0.996091344,0.000000000,0.541712103,-0.081873798,0.209664195,1.000000000,0.990466603,-0.109712960,0.083184865,0.000000000,-0.112723134,-0.993088910,0.032383001,0.000000000,0.079058654,-0.041451937,-0.996007764,0.000000000,0.541834329,-0.081914824,0.210217527,1.000000000,-0.818496487,-0.041936035,-1.409813949,-0.092101451,0.014389571,0.092126438
1774903532.000000000,681557178.000000000,0.990592288,-0.109268377,0.082268385,0.000000000,-0.112230987,-0.993148061,0.032278180,0.000000000,0.078179208,-0.041208371,-0.996087286,0.000000000,0.541725925,-0.081870832,0.209663440,1.000000000,0.990466603,-0.109712960,0.083184865,0.000000000,-0.112723134,-0.993088910,0.032383001,0.000000000,0.079058654,-0.041451937,-0.996007764,0.000000000,0.541834329,-0.081914824,0.210217527,1.000000000,-0.801054571,0.005794834,-1.410025755,-0.088765722,0.019176618,0.092872040
1774903532.000000000,713993310.000000000,0.990587840,-0.109273572,0.082315029,0.000000000,-0.112237403,-0.993147637,0.032268916,0.000000000,0.078226343,-0.041204814,-0.996083733,0.000000000,0.541738750,-0.081876648,0.209644146,1.000000000,0.990466603,-0.109712960,0.083184865,0.000000000,-0.112723134,-0.993088910,0.032383001,0.000000000,0.079058654,-0.041451937,-0.996007764,0.000000000,0.541834329,-0.081914824,0.210217527,1.000000000,-0.735445327,0.028372611,-1.383461514,-0.080134313,0.018842599,0.090114617
1774903532.000000000,747604846.000000000,0.990577336,-0.109279665,0.082433259,0.000000000,-0.112247098,-0.993147086,0.032252152,0.000000000,0.078345355,-0.041201938,-0.996074498,0.000000000,0.541775472,-0.081883686,0.209619634,1.000000000,0.990466603,-0.109712960,0.083184865,0.000000000,-0.112723134,-0.993088910,0.032383001,0.000000000,0.079058654,-0.041451937,-0.996007764,0.000000000,0.541834329,-0.081914824,0.210217527,1.000000000,-0.735445327,0.028372611,-1.383461514,-0.080134313,0.018842599,0.090114617
1774903532.000000000,782349824.000000000,0.990555482,-0.109260527,0.082720745,0.000000000,-0.112237735,-0.993149008,0.032225533,0.000000000,0.078634561,-0.041206361,-0.996051526,0.000000000,0.541845833,-0.081883725,0.209579730,1.000000000,0.990466603,-0.109712960,0.083184865,0.000000000,-0.112723134,-0.993088910,0.032383001,0.000000000,0.079058654,-0.041451937,-0.996007764,0.000000000,0.541834329,-0.081914824,0.210217527,1.000000000,-0.632575224,-0.009547576,-1.371588095,-0.099143494,0.036324016,0.103225909
1774903532.000000000,816125631.000000000,0.990520410,-0.109254382,0.083147726,0.000000000,-0.112245774,-0.993149538,0.032181165,0.000000000,0.079063714,-0.041209875,-0.996017407,0.000000000,0.541961382,-0.081896437,0.209522853,1.000000000,0.990466603,-0.109712960,0.083184865,0.000000000,-0.112723134,-0.993088910,0.032383001,0.000000000,0.079058654,-0.041451937,-0.996007764,0.000000000,0.541834329,-0.081914824,0.210217527,1.000000000,-0.449021987,-0.049851809,-1.038757909,-0.106015206,0.044899052,0.103306288
1774903532.000000000,849303960.000000000,0.990478309,-0.109238238,0.083668829,0.000000000,-0.112245310,-0.993151985,0.032107203,0.000000000,0.079590062,-0.041193715,-0.995976154,0.000000000,0.542137117,-0.081912027,0.209405555,1.000000000,0.990466603,-0.109712960,0.083184865,0.000000000,-0.112723134,-0.993088910,0.032383001,0.000000000,0.079058654,-0.041451937,-0.996007764,0.000000000,0.541834329,-0.081914824,0.210217527,1.000000000,-0.449021987,-0.049851809,-1.038757909,-0.106015206,0.044899052,0.103306288
1774903532.000000000,883841276.000000000,0.990394722,-0.109233358,0.084658818,0.000000000,-0.112271846,-0.993152848,0.031987488,0.000000000,0.080586597,-0.041185834,-0.995896344,0.000000000,0.542454561,-0.081955951,0.209235935,1.000000000,0.990466603,-0.109712960,0.083184865,0.000000000,-0.112723134,-0.993088910,0.032383001,0.000000000,0.079058654,-0.041451937,-0.996007764,0.000000000,0.541834329,-0.081914824,0.210217527,1.000000000,-0.503705388,-0.154924185,-1.209964615,-0.108130115,0.116162544,0.088909791
1774903532.000000000,917751312.000000000,0.990297530,-0.109286829,0.085720111,0.000000000,-0.112357185,-0.993148044,0.031836662,0.000000000,0.081655004,-0.041159830,-0.995810388,0.000000000,0.542822683,-0.082037900,0.208970165,1.000000000,0.990466603,-0.109712960,0.083184865,0.000000000,-0.112723134,-0.993088910,0.032383001,0.000000000,0.079058654,-0.041451937,-0.996007764,0.000000000,0.541834329,-0.081914824,0.210217527,1.000000000,-0.389439987,0.241829038,-1.044579795,-0.046768170,0.137687235,0.077680925
1774903532.000000000,951762914.000000000,0.990155496,-0.109472034,0.087113225,0.000000000,-0.112584700,-0.993128451,0.031643501,0.000000000,0.083052143,-0.041140394,-0.995695641,0.000000000,0.543302614,-0.082211398,0.208609584,1.000000000,0.990466603,-0.109712960,0.083184865,0.000000000,-0.112723134,-0.993088910,0.032383001,0.000000000,0.079058654,-0.041451937,-0.996007764,0.000000000,0.541834329,-0.081914824,0.210217527,1.000000000,-0.389439987,0.241829038,-1.044579795,-0.046768170,0.137687235,0.077680925
1774903532.000000000,985444068.000000000,0.989948085,-0.109633710,0.089241160,0.000000000,-0.112812182,-0.993111229,0.031372681,0.000000000,0.085188535,-0.041125607,-0.995515745,0.000000000,0.544010200,-0.082432076,0.208113199,1.000000000,0.990466603,-0.109712960,0.083184865,0.000000000,-0.112723134,-0.993088910,0.032383001,0.000000000,0.079058654,-0.041451937,-0.996007764,0.000000000,0.541834329,-0.081914824,0.210217527,1.000000000,-0.342345530,0.125803056,-1.067696314,-0.078106168,0.145330782,0.084913677
1774903533.000000000,19696950.000000000,0.989701529,-0.109791007,0.091747292,0.000000000,-0.113044026,-0.993095647,0.031029523,0.000000000,0.087708762,-0.041082241,-0.995298660,0.000000000,0.544928855,-0.082747408,0.207415339,1.000000000,0.990466603,-0.109712960,0.083184865,0.000000000,-0.112723134,-0.993088910,0.032383001,0.000000000,0.079058654,-0.041451937,-0.996007764,0.000000000,0.541834329,-0.081914824,0.210217527,1.000000000,0.468836472,0.145894004,-0.323836278,-0.065202644,0.037192161,0.050603763
1774903533.000000000,54295063.000000000,0.989445752,-0.109947932,0.094283100,0.000000000,-0.113272006,-0.993081633,0.030644233,0.000000000,0.090263282,-0.041001231,-0.995073585,0.000000000,0.546037829,-0.083189296,0.206420558,1.000000000,0.990466603,-0.109712960,0.083184865,0.000000000,-0.112723134,-0.993088910,0.032383001,0.000000000,0.079058654,-0.041451937,-0.996007764,0.000000000,0.541834329,-0.081914824,0.210217527,1.000000000,0.628781411,0.031212157,-0.649456609,-0.103252735,-0.005051716,0.051146075
1774903533.000000000,88124752.000000000,0.989161595,-0.109926383,0.097243383,0.000000000,-0.113341571,-0.993084098,0.030305260,0.000000000,0.093241305,-0.040999306,-0.994799033,0.000000000,0.547550063,-0.083764497,0.205223369,1.000000000,0.990466603,-0.109712960,0.083184865,0.000000000,-0.112723134,-0.993088910,0.032383001,0.000000000,0.079058654,-0.041451937,-0.996007764,0.000000000,0.541834329,-0.081914824,0.210217527,1.000000000,0.628781411,0.031212157,-0.649456609,-0.103252735,-0.005051716,0.051146075
1774903533.000000000,121679067.000000000,0.988857920,-0.110134340,0.100055928,0.000000000,-0.113628705,-0.993063392,0.029905904,0.000000000,0.096070062,-0.040942704,-0.994532170,0.000000000,0.549422382,-0.084523897,0.203668647,1.000000000,0.990466603,-0.109712960,0.083184865,0.000000000,-0.112723134,-0.993088910,0.032383001,0.000000000,0.079058654,-0.041451937,-0.996007764,0.000000000,0.541834329,-0.081914824,0.210217527,1.000000000,0.821132008,0.359148359,-0.594288967,-0.073842425,-0.042666901,0.028114594
1774903533.000000000,155650854.000000000,0.988562105,-0.110443708,0.102605554,0.000000000,-0.113983387,-0.993041340,0.029281934,0.000000000,0.098659451,-0.040643121,-0.994290928,0.000000000,0.551660360,-0.085445722,0.201631932,1.000000000,0.990466603,-0.109712960,0.083184865,0.000000000,-0.112723134,-0.993088910,0.032383001,0.000000000,0.079058654,-0.041451937,-0.996007764,0.000000000,0.541834329,-0.081914824,0.210217527,1.000000000,0.764990169,0.283512246,-1.095788768,-0.110745301,-0.062196037,0.016154313
1774903533.000000000,189750671.000000000,0.988286911,-0.110608527,0.105049899,0.000000000,-0.114189858,-0.993034803,0.028693272,0.000000000,0.101146433,-0.040353595,-0.994052809,0.000000000,0.554220301,-0.086557570,0.199567003,1.000000000,0.990466603,-0.109712960,0.083184865,0.000000000,-0.112723134,-0.993088910,0.032383001,0.000000000,0.079058654,-0.041451937,-0.996007764,0.000000000,0.541834329,-0.081914824,0.210217527,1.000000000,0.369840658,0.409406951,-2.219816418,-0.123522559,-0.035705960,0.006482005
1774903533.000000000,223708629.000000000,0.988058061,-0.111094614,0.106677092,0.000000000,-0.114667596,-0.993001069,0.027945763,0.000000000,0.102827822,-0.039845209,-0.993900799,0.000000000,0.557014337,-0.087846482,0.196952769,1.000000000,0.990466603,-0.109712960,0.083184865,0.000000000,-0.112723134,-0.993088910,0.032383001,0.000000000,0.079058654,-0.041451937,-0.996007764,0.000000000,0.541834329,-0.081914824,0.210217527,1.000000000,0.539082178,0.731678252,-2.018946299,-0.094105635,-0.036289424,-0.037907941
1774903533.000000000,257697582.000000000,0.987799627,-0.111376871,0.108755858,0.000000000,-0.114961518,-0.992986519,0.027246467,0.000000000,0.104960496,-0.039417547,-0.993694899,0.000000000,0.560338390,-0.089378240,0.194148631,1.000000000,0.990466603,-0.109712960,0.083184865,0.000000000,-0.112723134,-0.993088910,0.032383001,0.000000000,0.079058654,-0.041451937,-0.996007764,0.000000000,0.541834329,-0.081914824,0.210217527,1.000000000,1.005508841,0.530270801,0.051271167,-0.131329221,-0.044447223,-0.051984312
1774903533.000000000,291643381.000000000,0.987707556,-0.111863041,0.109092579,0.000000000,-0.115376172,-0.992960739,0.026420754,0.000000000,0.105371171,-0.038683407,-0.993680286,0.000000000,0.563717637,-0.091044348,0.190810266,1.000000000,0.990466603,-0.109712960,0.083184865,0.000000000,-0.112723134,-0.993088910,0.032383001,0.000000000,0.079058654,-0.041451937,-0.996007764,0.000000000,0.541834329,-0.081914824,0.210217527,1.000000000,1.005508841,0.530270801,0.051271167,-0.131329221,-0.044447223,-0.051984312
1774903533.000000000,325801610.000000000,0.987451664,-0.112395433,0.110847758,0.000000000,-0.115921935,-0.992911449,0.025878698,0.000000000,0.107155423,-0.038404389,-0.993500286,0.000000000,0.567732462,-0.092909182,0.187451523,1.000000000,0.990466603,-0.109712960,0.083184865,0.000000000,-0.112723134,-0.993088910,0.032383001,0.000000000,0.079058654,-0.041451937,-0.996007764,0.000000000,0.541834329,-0.081914824,0.210217527,1.000000000,0.306023821,0.547694448,-2.849102904,-0.118012199,-0.016309045,-0.070509658
1774903533.000000000,360889911.000000000,0.987348557,-0.113090688,0.111058862,0.000000000,-0.116579348,-0.992846406,0.025416861,0.000000000,0.107392049,-0.038043203,-0.993488632,0.000000000,0.571802411,-0.094860700,0.183359070,1.000000000,0.990466603,-0.109712960,0.083184865,0.000000000,-0.112723134,-0.993088910,0.032383001,0.000000000,0.079058654,-0.041451937,-0.996007764,0.000000000,0.541834329,-0.081914824,0.210217527,1.000000000,0.609802737,0.458887882,-2.435556015,-0.137832793,-0.045177102,-0.129602467
1774903533.000000000,394627332.000000000,0.987276544,-0.113567341,0.111212548,0.000000000,-0.117058507,-0.992791462,0.025360727,0.000000000,0.107532788,-0.038057158,-0.993472874,0.000000000,0.576126040,-0.096911697,0.179147412,1.000000000,0.990466603,-0.109712960,0.083184865,0.000000000,-0.112723134,-0.993088910,0.032383001,0.000000000,0.079058654,-0.041451937,-0.996007764,0.000000000,0.541834329,-0.081914824,0.210217527,1.000000000,0.241251094,0.342332981,-2.358934674,-0.204224167,0.014124445,-0.148134519
1774903533.000000000,428208589.000000000,0.987196759,-0.114206358,0.111266410,0.000000000,-0.117679222,-0.992723703,0.025139547,0.000000000,0.107587778,-0.037912154,-0.993472465,0.000000000,0.580642114,-0.098955160,0.174781485,1.000000000,0.990466603,-0.109712960,0.083184865,0.000000000,-0.112723134,-0.993088910,0.032383001,0.000000000,0.079058654,-0.041451937,-0.996007764,0.000000000,0.541834329,-0.081914824,0.210217527,1.000000000,1.774468839,0.934670720,0.932107848,-0.164145799,-0.123079455,-0.161125161
1774903533.000000000,461744308.000000000,0.987143659,-0.114951394,0.110969912,0.000000000,-0.118367901,-0.992653241,0.024684610,0.000000000,0.107319178,-0.037503254,-0.993517036,0.000000000,0.585330393,-0.101090993,0.170035326,1.000000000,0.990466603,-0.109712960,0.083184865,0.000000000,-0.112723134,-0.993088910,0.032383001,0.000000000,0.079058654,-0.041451937,-0.996007764,0.000000000,0.541834329,-0.081914824,0.210217527,1.000000000,1.774468839,0.934670720,0.932107848,-0.164145799,-0.123079455,-0.161125161
1774903533.000000000,496229887.000000000,0.987176752,-0.115555952,0.110043764,0.000000000,-0.118875746,-0.992607443,0.024078369,0.000000000,0.106449909,-0.036851850,-0.993634922,0.000000000,0.589901561,-0.103245037,0.164810403,1.000000000,0.990466603,-0.109712960,0.083184865,0.000000000,-0.112723134,-0.993088910,0.032383001,0.000000000,0.079058654,-0.041451937,-0.996007764,0.000000000,0.541834329,-0.081914824,0.210217527,1.000000000,0.982626730,0.724133102,-0.384523932,-0.166451415,-0.043599060,-0.218904522
1774903533.000000000,529902696.000000000,0.987333902,-0.115896565,0.108261255,0.000000000,-0.119079111,-0.992599585,0.023387505,0.000000000,0.104751562,-0.035983623,-0.993847216,0.000000000,0.594253204,-0.105355847,0.159202856,1.000000000,0.990466603,-0.109712960,0.083184865,0.000000000,-0.112723134,-0.993088910,0.032383001,0.000000000,0.079058654,-0.041451937,-0.996007764,0.000000000,0.541834329,-0.081914824,0.210217527,1.000000000,0.982626730,0.724133102,-0.384523932,-0.166451415,-0.043599060,-0.218904522
1774903533.000000000,563766717.000000000,0.987398194,-0.115996597,0.107565524,0.000000000,-0.119088225,-0.992613173,0.022755886,0.000000000,0.104133356,-0.035279587,-0.993937420,0.000000000,0.598805611,-0.107490022,0.153543940,1.000000000,0.990466603,-0.109712960,0.083184865,0.000000000,-0.112723134,-0.993088910,0.032383001,0.000000000,0.079058654,-0.041451937,-0.996007764,0.000000000,0.541834329,-0.081914824,0.210217527,1.000000000,1.263238824,0.653115991,-2.971343243,-0.193640231,-0.171552378,-0.223014305
1774903533.000000000,597679853.000000000,0.987489368,-0.116296087,0.106398851,0.000000000,-0.119283515,-0.992603736,0.022136261,0.000000000,0.103039520,-0.034551617,-0.994076980,0.000000000,0.603117459,-0.109556010,0.147663682,1.000000000,0.990466603,-0.109712960,0.083184865,0.000000000,-0.112723134,-0.993088910,0.032383001,0.000000000,0.079058654,-0.041451937,-0.996007764,0.000000000,0.541834329,-0.081914824,0.210217527,1.000000000,0.143422235,0.999126578,-2.281645141,-0.150001882,0.026871652,-0.232905527
1774903533.000000000,631764888.000000000,0.987560959,-0.116561974,0.105439108,0.000000000,-0.119456829,-0.992595844,0.021547701,0.000000000,0.102148745,-0.033875742,-0.994192169,0.000000000,0.607317698,-0.111534052,0.141581364,1.000000000,0.990466603,-0.109712960,0.083184865,0.000000000,-0.112723134,-0.993088910,0.032383001,0.000000000,0.079058654,-0.041451937,-0.996007764,0.000000000,0.541834329,-0.081914824,0.210217527,1.000000000,1.401754302,0.953531885,-0.704796733,-0.073561751,-0.132261469,-0.262107929
1774903533.000000000,665888071.000000000,0.987685748,-0.116712847,0.104094774,0.000000000,-0.119515313,-0.992598801,0.021082132,0.000000000,0.100865735,-0.033264081,-0.994343806,0.000000000,0.611316223,-0.113423992,0.135413959,1.000000000,0.990466603,-0.109712960,0.083184865,0.000000000,-0.112723134,-0.993088910,0.032383001,0.000000000,0.079058654,-0.041451937,-0.996007764,0.000000000,0.541834329,-0.081914824,0.210217527,1.000000000,1.648630573,0.976037690,1.587075634,-0.060323873,-0.087237020,-0.280997896
1774903533.000000000,700158834.000000000,0.987774016,-0.116939428,0.102997140,0.000000000,-0.119648162,-0.992594905,0.020504110,0.000000000,0.099838619,-0.032577472,-0.994470190,0.000000000,0.615089128,-0.115150972,0.128972676,1.000000000,0.990466603,-0.109712960,0.083184865,0.000000000,-0.112723134,-0.993088910,0.032383001,0.000000000,0.079058654,-0.041451937,-0.996007764,0.000000000,0.541834329,-0.081914824,0.210217527,1.000000000,1.771636577,0.678754410,1.177475869,-0.109865920,-0.120331967,-0.280580512
1774903533.000000000,734115362.000000000,0.987885625,-0.117104745,0.101731102,0.000000000,-0.119711330,-0.992599880,0.019885237,0.000000000,0.098651523,-0.031823318,-0.994613067,0.000000000,0.618455922,-0.116683026,0.122181803,1.000000000,0.990466603,-0.109712960,0.083184865,0.000000000,-0.112723134,-0.993088910,0.032383001,0.000000000,0.079058654,-0.041451937,-0.996007764,0.000000000,0.541834329,-0.081914824,0.210217527,1.000000000,2.288791860,0.743048935,-0.340400492,-0.121993147,-0.258139191,-0.274600958
1774903533.000000000,767693042.000000000,0.987994003,-0.117343994,0.100394139,0.000000000,-0.119852903,-0.992594078,0.019313838,0.000000000,0.097386140,-0.031115084,-0.994760168,0.000000000,0.621573778,-0.118050004,0.115385917,1.000000000,0.990466603,-0.109712960,0.083184865,0.000000000,-0.112723134,-0.993088910,0.032383001,0.000000000,0.079058654,-0.041451937,-0.996007764,0.000000000,0.541834329,-0.081914824,0.210217527,1.000000000,0.989848886,0.738676372,-1.910494385,-0.156015339,-0.105920156,-0.279695153
1774903533.000000000,801973104.000000000,0.988098351,-0.117296754,0.099417641,0.000000000,-0.119743890,-0.992613393,0.018994730,0.000000000,0.096457119,-0.030673907,-0.994864381,0.000000000,0.624440198,-0.119242567,0.108588696,1.000000000,0.990466603,-0.109712960,0.083184865,0.000000000,-0.112723134,-0.993088910,0.032383001,0.000000000,0.079058654,-0.041451937,-0.996007764,0.000000000,0.541834329,-0.081914824,0.210217527,1.000000000,0.989848886,0.738676372,-1.910494385,-0.156015339,-0.105920156,-0.279695153
1774903533.000000000,835313320.000000000,0.988166078,-0.117459368,0.098548695,0.000000000,-0.119833875,-0.992611673,0.018510957,0.000000000,0.095648141,-0.030101951,-0.994959952,0.000000000,0.627166958,-0.120210848,0.102110428,1.000000000,0.990466603,-0.109712960,0.083184865,0.000000000,-0.112723134,-0.993088910,0.032383001,0.000000000,0.079058654,-0.041451937,-0.996007764,0.000000000,0.541834329,-0.081914824,0.210217527,1.000000000,1.103509713,0.857484883,-2.117279594,-0.112199482,-0.145763981,-0.287590855
1774903533.000000000,869880676.000000000,0.988169310,-0.117549913,0.098408229,0.000000000,-0.119871432,-0.992616548,0.017999317,0.000000000,0.095567659,-0.029583278,-0.994983242,0.000000000,0.629710322,-0.121024352,0.095580140,1.000000000,0.990466603,-0.109712960,0.083184865,0.000000000,-0.112723134,-0.993088910,0.032383001,0.000000000,0.079058654,-0.041451937,-0.996007764,0.000000000,0.541834329,-0.081914824,0.210217527,1.000000000,1.676056579,0.848101817,0.676268173,-0.085651437,-0.133767035,-0.294441314
1774903533.000000000,904774665.000000000,0.988334782,-0.117627240,0.096638185,0.000000000,-0.119839227,-0.992631251,0.017392725,0.000000000,0.093882032,-0.028771435,-0.995167508,0.000000000,0.631723208,-0.121663942,0.088998178,1.000000000,0.990466603,-0.109712960,0.083184865,0.000000000,-0.112723134,-0.993088910,0.032383001,0.000000000,0.079058654,-0.041451937,-0.996007764,0.000000000,0.541834329,-0.081914824,0.210217527,1.000000000,1.636326091,0.888671934,-2.276236067,-0.065395998,-0.226372683,-0.295104047
1774903533.000000000,937948465.000000000,0.988473399,-0.117336204,0.095568311,0.000000000,-0.119476874,-0.992682183,0.016973743,0.000000000,0.092879113,-0.028196839,-0.995278056,0.000000000,0.633614902,-0.122187185,0.082829041,1.000000000,0.990466603,-0.109712960,0.083184865,0.000000000,-0.112723134,-0.993088910,0.032383001,0.000000000,0.079058654,-0.041451937,-0.996007764,0.000000000,0.541834329,-0.081914824,0.210217527,1.000000000,1.478651752,0.599370940,-1.321169158,-0.205388125,-0.179707919,-0.259967961
1774903533.000000000,971970319.000000000,0.988538727,-0.116826358,0.095517195,0.000000000,-0.118930803,-0.992753667,0.016624333,0.000000000,0.092884673,-0.027794269,-0.995288861,0.000000000,0.635506023,-0.122621674,0.077010221,1.000000000,0.990466603,-0.109712960,0.083184865,0.000000000,-0.112723134,-0.993088910,0.032383001,0.000000000,0.079058654,-0.041451937,-0.996007764,0.000000000,0.541834329,-0.081914824,0.210217527,1.000000000,1.471440666,0.803277764,2.285420488,-0.190433500,-0.039368283,-0.248005944
1774903534.000000000,5570411.000000000,0.988709859,-0.116324986,0.094350728,0.000000000,-0.118354706,-0.992829686,0.016190296,0.000000000,0.091792635,-0.027174881,-0.995407272,0.000000000,0.636795748,-0.122914424,0.070861931,1.000000000,0.990466603,-0.109712960,0.083184865,0.000000000,-0.112723134,-0.993088910,0.032383001,0.000000000,0.079058654,-0.041451937,-0.996007764,0.000000000,0.541834329,-0.081914824,0.210217527,1.000000000,1.991767637,0.559373694,-3.223082544,-0.223786869,-0.339839463,-0.218945682
1774903534.000000000,39602994.000000000,0.988741412,-0.116034295,0.094378012,0.000000000,-0.118012500,-0.992879287,0.015637097,0.000000000,0.091893303,-0.026599342,-0.995413530,0.000000000,0.638219273,-0.123151615,0.065600984,1.000000000,0.990466603,-0.109712960,0.083184865,0.000000000,-0.112723134,-0.993088910,0.032383001,0.000000000,0.079058654,-0.041451937,-0.996007764,0.000000000,0.541834329,-0.081914824,0.210217527,1.000000000,1.852949219,0.478651860,1.811074437,-0.302188127,-0.129414399,-0.203381134
1774903534.000000000,73655605.000000000,0.988825251,-0.115941423,0.093610667,0.000000000,-0.117828821,-0.992912822,0.014874249,0.000000000,0.091224446,-0.025738563,-0.995497678,0.000000000,0.639240102,-0.123270910,0.060141994,1.000000000,0.990466603,-0.109712960,0.083184865,0.000000000,-0.112723134,-0.993088910,0.032383001,0.000000000,0.079058654,-0.041451937,-0.996007764,0.000000000,0.541834329,-0.081914824,0.210217527,1.000000000,1.838573032,0.334778523,-0.932525710,-0.287661112,-0.236255094,-0.206059486
1774903534.000000000,107550621.000000000,0.988918456,-0.115791946,0.092807650,0.000000000,-0.117593190,-0.992951172,0.014161848,0.000000000,0.090515380,-0.024918940,-0.995583252,0.000000000,0.640141878,-0.123295768,0.055259415,1.000000000,0.990466603,-0.109712960,0.083184865,0.000000000,-0.112723134,-0.993088910,0.032383001,0.000000000,0.079058654,-0.041451937,-0.996007764,0.000000000,0.541834329,-0.081914824,0.210217527,1.000000000,2.295704478,0.695627044,0.062661026,-0.236585213,-0.268184054,-0.203780207
1774903534.000000000,141663074.000000000,0.988929289,-0.115564632,0.092975397,0.000000000,-0.117304506,-0.992995183,0.013452361,0.000000000,0.090771251,-0.024210333,-0.995577440,0.000000000,0.640915860,-0.123262950,0.050419084,1.000000000,0.990466603,-0.109712960,0.083184865,0.000000000,-0.112723134,-0.993088910,0.032383001,0.000000000,0.079058654,-0.041451937,-0.996007764,0.000000000,0.541834329,-0.081914824,0.210217527,1.000000000,2.023094054,0.623781894,-1.221831303,-0.244122836,-0.282226286,-0.200167446
1774903534.000000000,175747871.000000000,0.988981383,-0.115248926,0.092813018,0.000000000,-0.116932834,-0.993046407,0.012895426,0.000000000,0.090683196,-0.023606680,-0.995599961,0.000000000,0.641614911,-0.123203886,0.046299702,1.000000000,0.990466603,-0.109712960,0.083184865,0.000000000,-0.112723134,-0.993088910,0.032383001,0.000000000,0.079058654,-0.041451937,-0.996007764,0.000000000,0.541834329,-0.081914824,0.210217527,1.000000000,1.857145966,0.250477636,1.512564635,-0.362531196,-0.141599257,-0.187010266
1774903534.000000000,210209846.000000000,0.989075926,-0.114891362,0.092247138,0.000000000,-0.116504157,-0.993104657,0.012274750,0.000000000,0.090202537,-0.022888275,-0.995660399,0.000000000,0.641979781,-0.123034043,0.041986336,1.000000000,0.990466603,-0.109712960,0.083184865,0.000000000,-0.112723134,-0.993088910,0.032383001,0.000000000,0.079058654,-0.041451937,-0.996007764,0.000000000,0.541834329,-0.081914824,0.210217527,1.000000000,1.857145966,0.250477636,1.512564635,-0.362531196,-0.141599257,-0.187010266
1774903534.000000000,243812322.000000000,0.989085103,-0.114295852,0.092886301,0.000000000,-0.115883615,-0.993182231,0.011865563,0.000000000,0.090898589,-0.022500485,-0.995605933,0.000000000,0.642475802,-0.122883680,0.038274706,1.000000000,0.990466603,-0.109712960,0.083184865,0.000000000,-0.112723134,-0.993088910,0.032383001,0.000000000,0.079058654,-0.041451937,-0.996007764,0.000000000,0.541834329,-0.081914824,0.210217527,1.000000000,1.990276622,0.425247340,-2.210775853,-0.318620578,-0.312918952,-0.178070347
1774903534.000000000,277997970.000000000,0.989186382,-0.113674681,0.092569522,0.000000000,-0.115218495,-0.993264029,0.011489691,0.000000000,0.090641634,-0.022031591,-0.995639846,0.000000000,0.642762644,-0.122675677,0.034770036,1.000000000,0.990466603,-0.109712960,0.083184865,0.000000000,-0.112723134,-0.993088910,0.032383001,0.000000000,0.079058654,-0.041451937,-0.996007764,0.000000000,0.541834329,-0.081914824,0.210217527,1.000000000,2.099529972,0.277356775,-0.028205024,-0.417509609,-0.237146254,-0.139166703
1774903534.000000000,311869621.000000000,0.989245096,-0.113293076,0.092409767,0.000000000,-0.114783008,-0.993320509,0.010953291,0.000000000,0.090553328,-0.021442973,-0.995660732,0.000000000,0.642838804,-0.122425183,0.031263075,1.000000000,0.990466603,-0.109712960,0.083184865,0.000000000,-0.112723134,-0.993088910,0.032383001,0.000000000,0.079058654,-0.041451937,-0.996007764,0.000000000,0.541834329,-0.081914824,0.210217527,1.000000000,2.063824290,0.211990098,-1.219758140,-0.453244808,-0.282270688,-0.107461515
1774903534.000000000,345656871.000000000,0.989283385,-0.112948885,0.092421208,0.000000000,-0.114393431,-0.993370688,0.010467398,0.000000000,0.090627983,-0.020928005,-0.995664897,0.000000000,0.642853282,-0.122179012,0.028201354,1.000000000,0.990466603,-0.109712960,0.083184865,0.000000000,-0.112723134,-0.993088910,0.032383001,0.000000000,0.079058654,-0.041451937,-0.996007764,0.000000000,0.541834329,-0.081914824,0.210217527,1.000000000,1.979069763,0.012960454,0.204258912,-0.515760288,-0.203287450,-0.106198726
1774903534.000000000,380409717.000000000,0.989343951,-0.112745680,0.092020134,0.000000000,-0.114131933,-0.993406315,0.009926811,0.000000000,0.090295916,-0.020323857,-0.995707582,0.000000000,0.642748521,-0.121889188,0.025433531,1.000000000,0.990466603,-0.109712960,0.083184865,0.000000000,-0.112723134,-0.993088910,0.032383001,0.000000000,0.079058654,-0.041451937,-0.996007764,0.000000000,0.541834329,-0.081914824,0.210217527,1.000000000,1.979069763,0.012960454,0.204258912,-0.515760288,-0.203287450,-0.106198726
1774903534.000000000,413698673.000000000,0.989444288,-0.112599614,0.091115718,0.000000000,-0.113918166,-0.993436114,0.009385384,0.000000000,0.089462577,-0.019666429,-0.995796003,0.000000000,0.642526412,-0.121612433,0.022672359,1.000000000,0.990466603,-0.109712960,0.083184865,0.000000000,-0.112723134,-0.993088910,0.032383001,0.000000000,0.079058654,-0.041451937,-0.996007764,0.000000000,0.541834329,-0.081914824,0.210217527,1.000000000,1.664545215,-0.139663560,-0.594551570,-0.582692306,-0.178701657,-0.072208009
