ros_time_sec,ros_time_nsec,O_T_EE_0,O_T_EE_1,O_T_EE_2,O_T_EE_3,O_T_EE_4,O_T_EE_5,O_T_EE_6,O_T_EE_7,O_T_EE_8,O_T_EE_9,O_T_EE_10,O_T_EE_11,O_T_EE_12,O_T_EE_13,O_T_EE_14,O_T_EE_15,O_T_EE_d_0,O_T_EE_d_1,O_T_EE_d_2,O_T_EE_d_3,O_T_EE_d_4,O_T_EE_d_5,O_T_EE_d_6,O_T_EE_d_7,O_T_EE_d_8,O_T_EE_d_9,O_T_EE_d_10,O_T_EE_d_11,O_T_EE_d_12,O_T_EE_d_13,O_T_EE_d_14,O_T_EE_d_15,F_ext_x,F_ext_y,F_ext_z,F_ext_wx,F_ext_wy,F_ext_wz
1774925877.000000000,528678417.000000000,0.998145154,-0.046755750,0.038741439,0.000000000,-0.046515622,-0.998882856,-0.007077032,0.000000000,0.039029803,0.005261924,-0.999224192,0.000000000,0.477076440,-0.013289264,0.171191257,1.000000000,0.998080012,-0.046881103,0.040239277,0.000000000,-0.046665299,-0.998881165,-0.006286114,0.000000000,0.040489735,0.004396352,-0.999170283,0.000000000,0.477315014,-0.013461245,0.171904352,1.000000000,-0.933515694,0.038869068,-1.373761862,0.116328652,0.078151235,0.068390101
1774925877.000000000,561864376.000000000,0.998145471,-0.046755068,0.038734088,0.000000000,-0.046514964,-0.998882884,-0.007077406,0.000000000,0.039022474,0.005262667,-0.999224475,0.000000000,0.477073802,-0.013289424,0.171188169,1.000000000,0.998080012,-0.046881103,0.040239277,0.000000000,-0.046665299,-0.998881165,-0.006286114,0.000000000,0.040489735,0.004396352,-0.999170283,0.000000000,0.477315014,-0.013461245,0.171904352,1.000000000,-0.933515694,0.038869068,-1.373761862,0.116328652,0.078151235,0.068390101
1774925877.000000000,595964908.000000000,0.998145156,-0.046758871,0.038737609,0.000000000,-0.046518840,-0.998882719,-0.007075130,0.000000000,0.039025905,0.005260080,-0.999224354,0.000000000,0.477074215,-0.013290191,0.171190143,1.000000000,0.998080012,-0.046881103,0.040239277,0.000000000,-0.046665299,-0.998881165,-0.006286114,0.000000000,0.040489735,0.004396352,-0.999170283,0.000000000,0.477315014,-0.013461245,0.171904352,1.000000000,-0.976923039,0.032284794,-1.400358784,0.117155497,0.085869439,0.067855363
1774925877.000000000,630522727.000000000,0.998145457,-0.046752941,0.038737012,0.000000000,-0.046512804,-0.998882981,-0.007077814,0.000000000,0.039025402,0.005263022,-0.999224359,0.000000000,0.477075044,-0.013290572,0.171189321,1.000000000,0.998080012,-0.046881103,0.040239277,0.000000000,-0.046665299,-0.998881165,-0.006286114,0.000000000,0.040489735,0.004396352,-0.999170283,0.000000000,0.477315014,-0.013461245,0.171904352,1.000000000,-0.904517404,0.044496826,-1.353789816,0.122125060,0.075081955,0.065641957
1774925877.000000000,665369033.000000000,0.998145444,-0.046760537,0.038728176,0.000000000,-0.046520391,-0.998882617,-0.007079375,0.000000000,0.039016689,0.005264697,-0.999224690,0.000000000,0.477072508,-0.013290965,0.171185717,1.000000000,0.998080012,-0.046881103,0.040239277,0.000000000,-0.046665299,-0.998881165,-0.006286114,0.000000000,0.040489735,0.004396352,-0.999170283,0.000000000,0.477315014,-0.013461245,0.171904352,1.000000000,-0.904517404,0.044496826,-1.353789816,0.122125060,0.075081955,0.065641957
1774925877.000000000,698242902.000000000,0.998145329,-0.046758938,0.038733075,0.000000000,-0.046518829,-0.998882701,-0.007077729,0.000000000,0.039021497,0.005262886,-0.999224512,0.000000000,0.477074325,-0.013292038,0.171187707,1.000000000,0.998080012,-0.046881103,0.040239277,0.000000000,-0.046665299,-0.998881165,-0.006286114,0.000000000,0.040489735,0.004396352,-0.999170283,0.000000000,0.477315014,-0.013461245,0.171904352,1.000000000,-0.918795500,0.043844100,-1.376762776,0.116943192,0.076210407,0.068206006
1774925877.000000000,732235670.000000000,0.998145387,-0.046761102,0.038728959,0.000000000,-0.046520905,-0.998882585,-0.007080582,0.000000000,0.039017529,0.005265845,-0.999224651,0.000000000,0.477073085,-0.013292212,0.171185693,1.000000000,0.998080012,-0.046881103,0.040239277,0.000000000,-0.046665299,-0.998881165,-0.006286114,0.000000000,0.040489735,0.004396352,-0.999170283,0.000000000,0.477315014,-0.013461245,0.171904352,1.000000000,-0.929111082,0.050061941,-1.396542330,0.117824269,0.076071568,0.067713581
1774925877.000000000,766418933.000000000,0.998145604,-0.046757868,0.038727275,0.000000000,-0.046517738,-0.998882743,-0.007079032,0.000000000,0.039015758,0.005264501,-0.999224727,0.000000000,0.477071876,-0.013291589,0.171184580,1.000000000,0.998080012,-0.046881103,0.040239277,0.000000000,-0.046665299,-0.998881165,-0.006286114,0.000000000,0.040489735,0.004396352,-0.999170283,0.000000000,0.477315014,-0.013461245,0.171904352,1.000000000,-0.939493577,0.038201406,-1.367466036,0.118044157,0.080358470,0.067798120
1774925877.000000000,801863431.000000000,0.998145406,-0.046755925,0.038734714,0.000000000,-0.046515727,-0.998882832,-0.007079731,0.000000000,0.039023211,0.005264929,-0.999224434,0.000000000,0.477075860,-0.013290581,0.171187880,1.000000000,0.998080012,-0.046881103,0.040239277,0.000000000,-0.046665299,-0.998881165,-0.006286114,0.000000000,0.040489735,0.004396352,-0.999170283,0.000000000,0.477315014,-0.013461245,0.171904352,1.000000000,-0.929431096,0.047258857,-1.364017353,0.119581727,0.078752504,0.067410316
1774925877.000000000,834527492.000000000,0.998145391,-0.046764334,0.038724953,0.000000000,-0.046524102,-0.998882425,-0.007082094,0.000000000,0.039013615,0.005267417,-0.999224796,0.000000000,0.477072472,-0.013292020,0.171183789,1.000000000,0.998080012,-0.046881103,0.040239277,0.000000000,-0.046665299,-0.998881165,-0.006286114,0.000000000,0.040489735,0.004396352,-0.999170283,0.000000000,0.477315014,-0.013461245,0.171904352,1.000000000,-0.938306518,0.037683295,-1.375626122,0.118471838,0.079371758,0.067141078
1774925877.000000000,868190288.000000000,0.998145747,-0.046757471,0.038724071,0.000000000,-0.046517283,-0.998882751,-0.007080934,0.000000000,0.039012645,0.005266566,-0.999224838,0.000000000,0.477072086,-0.013290685,0.171183986,1.000000000,0.998080012,-0.046881103,0.040239277,0.000000000,-0.046665299,-0.998881165,-0.006286114,0.000000000,0.040489735,0.004396352,-0.999170283,0.000000000,0.477315014,-0.013461245,0.171904352,1.000000000,-0.938306518,0.037683295,-1.375626122,0.118471838,0.079371758,0.067141078
1774925877.000000000,902437448.000000000,0.998145385,-0.046765787,0.038723364,0.000000000,-0.046525433,-0.998882339,-0.007085446,0.000000000,0.039012192,0.005270786,-0.999224833,0.000000000,0.477072881,-0.013290711,0.171183160,1.000000000,0.998080012,-0.046881103,0.040239277,0.000000000,-0.046665299,-0.998881165,-0.006286114,0.000000000,0.040489735,0.004396352,-0.999170283,0.000000000,0.477315014,-0.013461245,0.171904352,1.000000000,-0.910991587,0.052825895,-1.364348636,0.125011640,0.074851754,0.064376566
1774925877.000000000,937942028.000000000,0.998146074,-0.046751807,0.038722470,0.000000000,-0.046511613,-0.998883013,-0.007081208,0.000000000,0.039011028,0.005267136,-0.999224898,0.000000000,0.477071258,-0.013290090,0.171182822,1.000000000,0.998080012,-0.046881103,0.040239277,0.000000000,-0.046665299,-0.998881165,-0.006286114,0.000000000,0.040489735,0.004396352,-0.999170283,0.000000000,0.477315014,-0.013461245,0.171904352,1.000000000,-0.905962595,0.057099900,-1.378289457,0.120418740,0.072021660,0.066588068
1774925877.000000000,972085475.000000000,0.998145510,-0.046764376,0.038721838,0.000000000,-0.046524074,-0.998882411,-0.007084301,0.000000000,0.039010607,0.005269767,-0.999224901,0.000000000,0.477071894,-0.013292450,0.171182911,1.000000000,0.998080012,-0.046881103,0.040239277,0.000000000,-0.046665299,-0.998881165,-0.006286114,0.000000000,0.040489735,0.004396352,-0.999170283,0.000000000,0.477315014,-0.013461245,0.171904352,1.000000000,-0.898097353,0.053874899,-1.362145574,0.118929541,0.071815797,0.066476984
1774925878.000000000,6156206.000000000,0.998146240,-0.046750683,0.038719565,0.000000000,-0.046510318,-0.998883040,-0.007085941,0.000000000,0.039008341,0.005272047,-0.999224977,0.000000000,0.477071723,-0.013288390,0.171181497,1.000000000,0.998080012,-0.046881103,0.040239277,0.000000000,-0.046665299,-0.998881165,-0.006286114,0.000000000,0.040489735,0.004396352,-0.999170283,0.000000000,0.477315014,-0.013461245,0.171904352,1.000000000,-0.923766172,0.043195866,-1.366420898,0.115846920,0.078157396,0.068916002
1774925878.000000000,40515899.000000000,0.998145766,-0.046758942,0.038721802,0.000000000,-0.046518597,-0.998882659,-0.007085307,0.000000000,0.039010589,0.005270987,-0.999224895,0.000000000,0.477072148,-0.013290481,0.171182275,1.000000000,0.998080012,-0.046881103,0.040239277,0.000000000,-0.046665299,-0.998881165,-0.006286114,0.000000000,0.040489735,0.004396352,-0.999170283,0.000000000,0.477315014,-0.013461245,0.171904352,1.000000000,-0.919395145,0.053514582,-1.345182996,0.116713160,0.079988941,0.068911251
1774925878.000000000,74486255.000000000,0.998146009,-0.046753079,0.038722608,0.000000000,-0.046512738,-0.998882934,-0.007084987,0.000000000,0.039011348,0.005270858,-0.999224866,0.000000000,0.477072979,-0.013289333,0.171182700,1.000000000,0.998080012,-0.046881103,0.040239277,0.000000000,-0.046665299,-0.998881165,-0.006286114,0.000000000,0.040489735,0.004396352,-0.999170283,0.000000000,0.477315014,-0.013461245,0.171904352,1.000000000,-0.929576125,0.047629063,-1.360092549,0.114684636,0.081334098,0.070109838
1774925878.000000000,108099699.000000000,0.998145506,-0.046763097,0.038723479,0.000000000,-0.046522771,-0.998882469,-0.007084675,0.000000000,0.039012257,0.005270115,-0.999224834,0.000000000,0.477072863,-0.013290522,0.171183210,1.000000000,0.998080012,-0.046881103,0.040239277,0.000000000,-0.046665299,-0.998881165,-0.006286114,0.000000000,0.040489735,0.004396352,-0.999170283,0.000000000,0.477315014,-0.013461245,0.171904352,1.000000000,-0.938285400,0.049606436,-1.373395761,0.115040899,0.080169417,0.069128963
1774925878.000000000,142131567.000000000,0.998145647,-0.046761057,0.038722319,0.000000000,-0.046520718,-0.998882561,-0.007085124,0.000000000,0.039011108,0.005270697,-0.999224876,0.000000000,0.477071839,-0.013290752,0.171182080,1.000000000,0.998080012,-0.046881103,0.040239277,0.000000000,-0.046665299,-0.998881165,-0.006286114,0.000000000,0.040489735,0.004396352,-0.999170283,0.000000000,0.477315014,-0.013461245,0.171904352,1.000000000,-0.935824287,0.041029530,-1.382079100,0.118305851,0.079489817,0.066432076
1774925878.000000000,176799535.000000000,0.998145777,-0.046761709,0.038718172,0.000000000,-0.046521279,-0.998882514,-0.007088034,0.000000000,0.039007105,0.005273774,-0.999225016,0.000000000,0.477072024,-0.013290485,0.171180434,1.000000000,0.998080012,-0.046881103,0.040239277,0.000000000,-0.046665299,-0.998881165,-0.006286114,0.000000000,0.040489735,0.004396352,-0.999170283,0.000000000,0.477315014,-0.013461245,0.171904352,1.000000000,-0.925992276,0.044838257,-1.353507742,0.112425171,0.078996183,0.068974696
1774925878.000000000,210577726.000000000,0.998145749,-0.046761828,0.038718749,0.000000000,-0.046521481,-0.998882520,-0.007085830,0.000000000,0.039007579,0.005271539,-0.999225010,0.000000000,0.477071432,-0.013291986,0.171181131,1.000000000,0.998080012,-0.046881103,0.040239277,0.000000000,-0.046665299,-0.998881165,-0.006286114,0.000000000,0.040489735,0.004396352,-0.999170283,0.000000000,0.477315014,-0.013461245,0.171904352,1.000000000,-0.907472833,0.044974123,-1.366815765,0.116285421,0.077279630,0.067435996
1774925878.000000000,244325399.000000000,0.998145493,-0.046760725,0.038726683,0.000000000,-0.046520330,-0.998882573,-0.007085953,0.000000000,0.039015505,0.005271336,-0.999224701,0.000000000,0.477073938,-0.013292481,0.171182261,1.000000000,0.998080012,-0.046881103,0.040239277,0.000000000,-0.046665299,-0.998881165,-0.006286114,0.000000000,0.040489735,0.004396352,-0.999170283,0.000000000,0.477315014,-0.013461245,0.171904352,1.000000000,-0.907472833,0.044974123,-1.366815765,0.116285421,0.077279630,0.067435996
1774925878.000000000,278141021.000000000,0.998145602,-0.046762843,0.038721322,0.000000000,-0.046522303,-0.998882449,-0.007090456,0.000000000,0.039010370,0.005276004,-0.999224877,0.000000000,0.477072206,-0.013293049,0.171178518,1.000000000,0.998080012,-0.046881103,0.040239277,0.000000000,-0.046665299,-0.998881165,-0.006286114,0.000000000,0.040489735,0.004396352,-0.999170283,0.000000000,0.477315014,-0.013461245,0.171904352,1.000000000,-0.882664040,0.038867279,-1.361962116,0.117162134,0.075087871,0.066405604
1774925878.000000000,312556743.000000000,0.998145279,-0.046758708,0.038734647,0.000000000,-0.046517995,-0.998882632,-0.007092964,0.000000000,0.039023776,0.005278052,-0.999224343,0.000000000,0.477076431,-0.013289560,0.171179629,1.000000000,0.998080012,-0.046881103,0.040239277,0.000000000,-0.046665299,-0.998881165,-0.006286114,0.000000000,0.040489735,0.004396352,-0.999170283,0.000000000,0.477315014,-0.013461245,0.171904352,1.000000000,-0.882664040,0.038867279,-1.361962116,0.117162134,0.075087871,0.066405604
1774925878.000000000,346109628.000000000,0.998142925,-0.046770386,0.038781166,0.000000000,-0.046529154,-0.998882061,-0.007100199,0.000000000,0.039070642,0.005282661,-0.999222487,0.000000000,0.477087892,-0.013294360,0.171181385,1.000000000,0.998080012,-0.046881103,0.040239277,0.000000000,-0.046665299,-0.998881165,-0.006286114,0.000000000,0.040489735,0.004396352,-0.999170283,0.000000000,0.477315014,-0.013461245,0.171904352,1.000000000,-0.821684573,0.062535996,-1.291847801,0.120171507,0.073667380,0.065383695
1774925878.000000000,380455017.000000000,0.998140074,-0.046772234,0.038852262,0.000000000,-0.046530174,-0.998881931,-0.007111748,0.000000000,0.039142209,0.005290820,-0.999219643,0.000000000,0.477105765,-0.013295219,0.171183689,1.000000000,0.998080012,-0.046881103,0.040239277,0.000000000,-0.046665299,-0.998881165,-0.006286114,0.000000000,0.040489735,0.004396352,-0.999170283,0.000000000,0.477315014,-0.013461245,0.171904352,1.000000000,-0.900944606,-0.074228904,-1.306083658,0.101587574,0.095526555,0.063986663
1774925878.000000000,414627552.000000000,0.998130835,-0.046794533,0.039062194,0.000000000,-0.046550085,-0.998880769,-0.007144616,0.000000000,0.039353561,0.005313015,-0.999211223,0.000000000,0.477153400,-0.013300165,0.171189274,1.000000000,0.998080012,-0.046881103,0.040239277,0.000000000,-0.046665299,-0.998881165,-0.006286114,0.000000000,0.040489735,0.004396352,-0.999170283,0.000000000,0.477315014,-0.013461245,0.171904352,1.000000000,-0.900944606,-0.074228904,-1.306083658,0.101587574,0.095526555,0.063986663
1774925878.000000000,448171615.000000000,0.998118197,-0.046846148,0.039322381,0.000000000,-0.046597858,-0.998878089,-0.007207624,0.000000000,0.039616677,0.005361825,-0.999200565,0.000000000,0.477219990,-0.013317707,0.171184359,1.000000000,0.998080012,-0.046881103,0.040239277,0.000000000,-0.046665299,-0.998881165,-0.006286114,0.000000000,0.040489735,0.004396352,-0.999170283,0.000000000,0.477315014,-0.013461245,0.171904352,1.000000000,-0.805201227,0.025964545,-1.326202210,0.114722878,0.133301054,0.062595214
1774925878.000000000,482718229.000000000,0.998092897,-0.047005762,0.039771519,0.000000000,-0.046750854,-0.998870154,-0.007315720,0.000000000,0.040071236,0.005442521,-0.999182003,0.000000000,0.477363253,-0.013384484,0.171206157,1.000000000,0.998080012,-0.046881103,0.040239277,0.000000000,-0.046665299,-0.998881165,-0.006286114,0.000000000,0.040489735,0.004396352,-0.999170283,0.000000000,0.477315014,-0.013461245,0.171904352,1.000000000,-0.805201227,0.025964545,-1.326202210,0.114722878,0.133301054,0.062595214
1774925878.000000000,517625331.000000000,0.998063315,-0.047234441,0.040240193,0.000000000,-0.046971018,-0.998858704,-0.007467243,0.000000000,0.040547759,0.005562765,-0.999162116,0.000000000,0.477562585,-0.013492349,0.171241274,1.000000000,0.998080012,-0.046881103,0.040239277,0.000000000,-0.046665299,-0.998881165,-0.006286114,0.000000000,0.040489735,0.004396352,-0.999170283,0.000000000,0.477315014,-0.013461245,0.171904352,1.000000000,-0.513961537,0.066776410,-0.913466889,0.115628393,0.177049997,0.051215111
1774925878.000000000,549957513.000000000,0.998018853,-0.047465139,0.041063085,0.000000000,-0.047188269,-0.998846803,-0.007686238,0.000000000,0.041381357,0.005733425,-0.999126974,0.000000000,0.477897615,-0.013655891,0.171319898,1.000000000,0.998080012,-0.046881103,0.040239277,0.000000000,-0.046665299,-0.998881165,-0.006286114,0.000000000,0.040489735,0.004396352,-0.999170283,0.000000000,0.477315014,-0.013461245,0.171904352,1.000000000,-0.412163796,0.368115854,-0.489688826,0.143146130,0.201560749,0.041674627
1774925878.000000000,584856510.000000000,0.997964020,-0.047718384,0.042089395,0.000000000,-0.047424218,-0.998833479,-0.007960598,0.000000000,0.042420981,0.005948449,-0.999082117,0.000000000,0.478371140,-0.013935059,0.171410832,1.000000000,0.998080012,-0.046881103,0.040239277,0.000000000,-0.046665299,-0.998881165,-0.006286114,0.000000000,0.040489735,0.004396352,-0.999170283,0.000000000,0.477315014,-0.013461245,0.171904352,1.000000000,0.092474426,0.178912064,-0.702856596,0.103440110,0.136158199,0.033848077
1774925878.000000000,618195772.000000000,0.997878707,-0.048054143,0.043699337,0.000000000,-0.047731015,-0.998815195,-0.008408473,0.000000000,0.044052472,0.006304944,-0.999009323,0.000000000,0.479059298,-0.014312382,0.171505087,1.000000000,0.998080012,-0.046881103,0.040239277,0.000000000,-0.046665299,-0.998881165,-0.006286114,0.000000000,0.040489735,0.004396352,-0.999170283,0.000000000,0.477315014,-0.013461245,0.171904352,1.000000000,0.097273913,0.126439589,-0.772252107,0.052067628,0.143433621,0.021879014
1774925878.000000000,652725219.000000000,0.997782432,-0.048190288,0.045701868,0.000000000,-0.047824257,-0.998804951,-0.009069535,0.000000000,0.046085203,0.006863897,-0.998913931,0.000000000,0.479930527,-0.014790632,0.171515947,1.000000000,0.998080012,-0.046881103,0.040239277,0.000000000,-0.046665299,-0.998881165,-0.006286114,0.000000000,0.040489735,0.004396352,-0.999170283,0.000000000,0.477315014,-0.013461245,0.171904352,1.000000000,0.446348822,0.271510590,-0.715334915,0.017737272,0.092241464,0.006966246
1774925878.000000000,686255931.000000000,0.997648683,-0.048487529,0.048237042,0.000000000,-0.048057728,-0.998784552,-0.010031010,0.000000000,0.048665728,0.007689409,-0.998785522,0.000000000,0.481032705,-0.015365006,0.171428953,1.000000000,0.998080012,-0.046881103,0.040239277,0.000000000,-0.046665299,-0.998881165,-0.006286114,0.000000000,0.040489735,0.004396352,-0.999170283,0.000000000,0.477315014,-0.013461245,0.171904352,1.000000000,0.574171170,0.287290399,-0.646885338,-0.036465438,0.073531297,-0.011042556
1774925878.000000000,721399307.000000000,0.997487368,-0.049061994,0.050917768,0.000000000,-0.048551484,-0.998748070,-0.011215726,0.000000000,0.051405278,0.008715580,-0.998639843,0.000000000,0.482281802,-0.016100513,0.171160452,1.000000000,0.998080012,-0.046881103,0.040239277,0.000000000,-0.046665299,-0.998881165,-0.006286114,0.000000000,0.040489735,0.004396352,-0.999170283,0.000000000,0.477315014,-0.013461245,0.171904352,1.000000000,0.574171170,0.287290399,-0.646885338,-0.036465438,0.073531297,-0.011042556
1774925878.000000000,754645586.000000000,0.997313026,-0.049327535,0.053983964,0.000000000,-0.048715244,-0.998723585,-0.012600508,0.000000000,0.054537660,0.009937000,-0.998462268,0.000000000,0.483817801,-0.017055255,0.170715120,1.000000000,0.998080012,-0.046881103,0.040239277,0.000000000,-0.046665299,-0.998881165,-0.006286114,0.000000000,0.040489735,0.004396352,-0.999170283,0.000000000,0.477315014,-0.013461245,0.171904352,1.000000000,1.396640981,0.380483647,-0.151533292,-0.139845054,-0.045878740,-0.049824209
1774925878.000000000,788260936.000000000,0.997127220,-0.049921806,0.056796723,0.000000000,-0.049176087,-0.998675907,-0.014453109,0.000000000,0.057444150,0.011618771,-0.998281110,0.000000000,0.485661175,-0.018188956,0.170077053,1.000000000,0.998080012,-0.046881103,0.040239277,0.000000000,-0.046665299,-0.998881165,-0.006286114,0.000000000,0.040489735,0.004396352,-0.999170283,0.000000000,0.477315014,-0.013461245,0.171904352,1.000000000,1.396640981,0.380483647,-0.151533292,-0.139845054,-0.045878740,-0.049824209
1774925878.000000000,822286367.000000000,0.996948352,-0.050641615,0.059246586,0.000000000,-0.049726282,-0.998611534,-0.016824025,0.000000000,0.060017475,0.013826837,-0.998101559,0.000000000,0.487831477,-0.019514814,0.169089030,1.000000000,0.998080012,-0.046881103,0.040239277,0.000000000,-0.046665299,-0.998881165,-0.006286114,0.000000000,0.040489735,0.004396352,-0.999170283,0.000000000,0.477315014,-0.013461245,0.171904352,1.000000000,1.106262178,0.175807936,-0.759021559,-0.285409098,-0.008122461,-0.099016800
1774925878.000000000,856253385.000000000,0.996782510,-0.050947781,0.061722761,0.000000000,-0.049847235,-0.998561842,-0.019241823,0.000000000,0.062615528,0.016103514,-0.997907798,0.000000000,0.490332858,-0.021142345,0.167681535,1.000000000,0.998080012,-0.046881103,0.040239277,0.000000000,-0.046665299,-0.998881165,-0.006286114,0.000000000,0.040489735,0.004396352,-0.999170283,0.000000000,0.477315014,-0.013461245,0.171904352,1.000000000,1.106262178,0.175807936,-0.759021559,-0.285409098,-0.008122461,-0.099016800
1774925878.000000000,890568494.000000000,0.996588752,-0.051516903,0.064324302,0.000000000,-0.050210129,-0.998491737,-0.021770195,0.000000000,0.065350075,0.018466556,-0.997691512,0.000000000,0.493360754,-0.023113438,0.166289111,1.000000000,0.998080012,-0.046881103,0.040239277,0.000000000,-0.046665299,-0.998881165,-0.006286114,0.000000000,0.040489735,0.004396352,-0.999170283,0.000000000,0.477315014,-0.013461245,0.171904352,1.000000000,1.675761086,0.615432259,1.721138070,-0.378357454,0.002435950,-0.137155454
1774925878.000000000,924293279.000000000,0.996499504,-0.051898505,0.065391361,0.000000000,-0.050378065,-0.998415332,-0.024690512,0.000000000,0.066570420,0.021310203,-0.997554136,0.000000000,0.496414684,-0.025319718,0.164137971,1.000000000,0.998080012,-0.046881103,0.040239277,0.000000000,-0.046665299,-0.998881165,-0.006286114,0.000000000,0.040489735,0.004396352,-0.999170283,0.000000000,0.477315014,-0.013461245,0.171904352,1.000000000,0.687180035,0.590370531,-2.109874823,-0.388142864,0.035221645,-0.153471440
1774925878.000000000,958216905.000000000,0.996346792,-0.052048582,0.067563018,0.000000000,-0.050309998,-0.998353958,-0.027185025,0.000000000,0.068868075,0.023687073,-0.997344530,0.000000000,0.500066415,-0.028043823,0.161985104,1.000000000,0.998080012,-0.046881103,0.040239277,0.000000000,-0.046665299,-0.998881165,-0.006286114,0.000000000,0.040489735,0.004396352,-0.999170283,0.000000000,0.477315014,-0.013461245,0.171904352,1.000000000,0.687180035,0.590370531,-2.109874823,-0.388142864,0.035221645,-0.153471440
1774925878.000000000,992563724.000000000,0.996312688,-0.052023404,0.068083325,0.000000000,-0.050083270,-0.998287719,-0.029900540,0.000000000,0.069523614,0.026380960,-0.997231424,0.000000000,0.503750253,-0.031106521,0.159079753,1.000000000,0.998080012,-0.046881103,0.040239277,0.000000000,-0.046665299,-0.998881165,-0.006286114,0.000000000,0.040489735,0.004396352,-0.999170283,0.000000000,0.477315014,-0.013461245,0.171904352,1.000000000,0.963846466,0.290518501,-0.574040851,-0.431925126,0.053891793,-0.184595371
1774925879.000000000,25893211.000000000,0.996300722,-0.051628000,0.068557770,0.000000000,-0.049507636,-0.998242457,-0.032275963,0.000000000,0.070104970,0.028762986,-0.997124859,0.000000000,0.507721924,-0.034427387,0.155820059,1.000000000,0.998080012,-0.046881103,0.040239277,0.000000000,-0.046665299,-0.998881165,-0.006286114,0.000000000,0.040489735,0.004396352,-0.999170283,0.000000000,0.477315014,-0.013461245,0.171904352,1.000000000,0.963846466,0.290518501,-0.574040851,-0.431925126,0.053891793,-0.184595371
1774925879.000000000,60510396.000000000,0.996314612,-0.051057959,0.068782455,0.000000000,-0.048794447,-0.998213623,-0.034196657,0.000000000,0.070406950,0.030715019,-0.997045360,0.000000000,0.511986065,-0.037954261,0.152346107,1.000000000,0.998080012,-0.046881103,0.040239277,0.000000000,-0.046665299,-0.998881165,-0.006286114,0.000000000,0.040489735,0.004396352,-0.999170283,0.000000000,0.477315014,-0.013461245,0.171904352,1.000000000,0.935011413,0.844789676,-0.139521060,-0.395048220,0.067675004,-0.169413062
1774925879.000000000,94766378.000000000,0.996341603,-0.050930771,0.068485134,0.000000000,-0.048542129,-0.998158829,-0.036102075,0.000000000,0.070199099,0.032646214,-0.996998652,0.000000000,0.516290653,-0.041899179,0.148358324,1.000000000,0.998080012,-0.046881103,0.040239277,0.000000000,-0.046665299,-0.998881165,-0.006286114,0.000000000,0.040489735,0.004396352,-0.999170283,0.000000000,0.477315014,-0.013461245,0.171904352,1.000000000,0.935011413,0.844789676,-0.139521060,-0.395048220,0.067675004,-0.169413062
1774925879.000000000,128583669.000000000,0.996459761,-0.050607500,0.066989349,0.000000000,-0.048145234,-0.998112373,-0.037874442,0.000000000,0.068780953,0.034515804,-0.997034523,0.000000000,0.520494370,-0.045999798,0.143872904,1.000000000,0.998080012,-0.046881103,0.040239277,0.000000000,-0.046665299,-0.998881165,-0.006286114,0.000000000,0.040489735,0.004396352,-0.999170283,0.000000000,0.477315014,-0.013461245,0.171904352,1.000000000,1.494988394,0.506490862,1.913007569,-0.396907130,0.059957474,-0.183579813
1774925879.000000000,162261724.000000000,0.996562473,-0.049960048,0.065939193,0.000000000,-0.047418717,-0.998081802,-0.039559192,0.000000000,0.067790393,0.036297153,-0.997039106,0.000000000,0.524957811,-0.050082976,0.139141342,1.000000000,0.998080012,-0.046881103,0.040239277,0.000000000,-0.046665299,-0.998881165,-0.006286114,0.000000000,0.040489735,0.004396352,-0.999170283,0.000000000,0.477315014,-0.013461245,0.171904352,1.000000000,2.713996354,0.533767001,1.447585601,-0.396157092,-0.150200759,-0.185938032
1774925879.000000000,196866035.000000000,0.996679535,-0.049985337,0.064125791,0.000000000,-0.047378470,-0.998002863,-0.041548916,0.000000000,0.066075832,0.038373511,-0.997076455,0.000000000,0.529179024,-0.054305387,0.133905271,1.000000000,0.998080012,-0.046881103,0.040239277,0.000000000,-0.046665299,-0.998881165,-0.006286114,0.000000000,0.040489735,0.004396352,-0.999170283,0.000000000,0.477315014,-0.013461245,0.171904352,1.000000000,0.648773441,-0.337700559,-1.008813277,-0.725135547,0.095291689,-0.124557151
1774925879.000000000,230633258.000000000,0.996820002,-0.049865629,0.062000406,0.000000000,-0.047229961,-0.997936617,-0.043273381,0.000000000,0.064031562,0.040208269,-0.997137530,0.000000000,0.533271562,-0.058590795,0.128367946,1.000000000,0.998080012,-0.046881103,0.040239277,0.000000000,-0.046665299,-0.998881165,-0.006286114,0.000000000,0.040489735,0.004396352,-0.999170283,0.000000000,0.477315014,-0.013461245,0.171904352,1.000000000,1.433936628,-0.172258257,-1.741879199,-0.708584756,-0.059399051,-0.132980555
1774925879.000000000,264396905.000000000,0.996971021,-0.048807165,0.060393638,0.000000000,-0.046157143,-0.997931856,-0.044522752,0.000000000,0.062442967,0.041601097,-0.997181139,0.000000000,0.537417387,-0.062713013,0.122650955,1.000000000,0.998080012,-0.046881103,0.040239277,0.000000000,-0.046665299,-0.998881165,-0.006286114,0.000000000,0.040489735,0.004396352,-0.999170283,0.000000000,0.477315014,-0.013461245,0.171904352,1.000000000,1.433936628,-0.172258257,-1.741879199,-0.708584756,-0.059399051,-0.132980555
1774925879.000000000,298109531.000000000,0.997095276,-0.048414112,0.058633026,0.000000000,-0.045742675,-0.997880345,-0.046077890,0.000000000,0.060740734,0.043262848,-0.997215568,0.000000000,0.541281765,-0.066788059,0.116624041,1.000000000,0.998080012,-0.046881103,0.040239277,0.000000000,-0.046665299,-0.998881165,-0.006286114,0.000000000,0.040489735,0.004396352,-0.999170283,0.000000000,0.477315014,-0.013461245,0.171904352,1.000000000,0.423610791,0.759873847,-1.597049515,-0.609841652,0.110307566,-0.117066198
1774925879.000000000,332020998.000000000,0.997228350,-0.048263280,0.056453711,0.000000000,-0.045593121,-0.997812564,-0.047666560,0.000000000,0.058631896,0.044961410,-0.997266651,0.000000000,0.544794744,-0.070827739,0.110254810,1.000000000,0.998080012,-0.046881103,0.040239277,0.000000000,-0.046665299,-0.998881165,-0.006286114,0.000000000,0.040489735,0.004396352,-0.999170283,0.000000000,0.477315014,-0.013461245,0.171904352,1.000000000,0.167153364,-0.179913622,-1.483776840,-0.820560045,0.159550255,-0.067653730
1774925879.000000000,366436719.000000000,0.997356834,-0.047606679,0.054714693,0.000000000,-0.044942939,-0.997781164,-0.048924711,0.000000000,0.056923529,0.046337248,-0.997302648,0.000000000,0.548210349,-0.074663659,0.103849617,1.000000000,0.998080012,-0.046881103,0.040239277,0.000000000,-0.046665299,-0.998881165,-0.006286114,0.000000000,0.040489735,0.004396352,-0.999170283,0.000000000,0.477315014,-0.013461245,0.171904352,1.000000000,1.210305939,-0.355619165,-2.766194382,-0.889909156,-0.054543981,-0.058038115
1774925879.000000000,400625944.000000000,0.997484659,-0.046928649,0.052941507,0.000000000,-0.044268019,-0.997740125,-0.050356056,0.000000000,0.055186070,0.047886700,-0.997327109,0.000000000,0.551246070,-0.078176816,0.097191372,1.000000000,0.998080012,-0.046881103,0.040239277,0.000000000,-0.046665299,-0.998881165,-0.006286114,0.000000000,0.040489735,0.004396352,-0.999170283,0.000000000,0.477315014,-0.013461245,0.171904352,1.000000000,1.019979139,0.456132957,-0.941823747,-0.757119716,0.062954321,-0.053031255
1774925879.000000000,434191465.000000000,0.997572475,-0.046775794,0.051399703,0.000000000,-0.044107608,-0.997669521,-0.051872846,0.000000000,0.053707345,0.049480758,-0.997330023,0.000000000,0.553993127,-0.081640236,0.090466619,1.000000000,0.998080012,-0.046881103,0.040239277,0.000000000,-0.046665299,-0.998881165,-0.006286114,0.000000000,0.040489735,0.004396352,-0.999170283,0.000000000,0.477315014,-0.013461245,0.171904352,1.000000000,2.169658185,-0.179380964,-0.342804067,-0.847512042,-0.100816228,-0.040725984
1774925879.000000000,468102216.000000000,0.997650087,-0.046354680,0.050262259,0.000000000,-0.043672558,-0.997618352,-0.053207875,0.000000000,0.052609999,0.050888739,-0.997317665,0.000000000,0.556520963,-0.084928158,0.083728091,1.000000000,0.998080012,-0.046881103,0.040239277,0.000000000,-0.046665299,-0.998881165,-0.006286114,0.000000000,0.040489735,0.004396352,-0.999170283,0.000000000,0.477315014,-0.013461245,0.171904352,1.000000000,2.089255752,-0.094885673,2.268792951,-0.783275429,0.022398927,-0.063706447
1774925879.000000000,502497434.000000000,0.997787746,-0.045262050,0.048494414,0.000000000,-0.042614948,-0.997605523,-0.054294877,0.000000000,0.050836772,0.052109179,-0.997346608,0.000000000,0.558552519,-0.087876526,0.076857942,1.000000000,0.998080012,-0.046881103,0.040239277,0.000000000,-0.046665299,-0.998881165,-0.006286114,0.000000000,0.040489735,0.004396352,-0.999170283,0.000000000,0.477315014,-0.013461245,0.171904352,1.000000000,2.781932968,0.696228264,2.972736050,-0.667610841,-0.046429148,-0.053653266
1774925879.000000000,536602020.000000000,0.997882451,-0.044603595,0.047136816,0.000000000,-0.041960377,-0.997558583,-0.055650229,0.000000000,0.049504888,0.053555540,-0.997336989,0.000000000,0.560413733,-0.090566915,0.070026737,1.000000000,0.998080012,-0.046881103,0.040239277,0.000000000,-0.046665299,-0.998881165,-0.006286114,0.000000000,0.040489735,0.004396352,-0.999170283,0.000000000,0.477315014,-0.013461245,0.171904352,1.000000000,1.561636564,0.068691467,1.544884771,-0.988062126,0.091199051,0.041641906
1774925879.000000000,570763349.000000000,0.997993900,-0.044268740,0.045046650,0.000000000,-0.041670079,-0.997490111,-0.057077397,0.000000000,0.047461246,0.055086857,-0.997352931,0.000000000,0.561712596,-0.093104134,0.063117396,1.000000000,0.998080012,-0.046881103,0.040239277,0.000000000,-0.046665299,-0.998881165,-0.006286114,0.000000000,0.040489735,0.004396352,-0.999170283,0.000000000,0.477315014,-0.013461245,0.171904352,1.000000000,2.030744107,-1.130343106,-0.862049391,-1.402529804,-0.074404784,0.118543429
1774925879.000000000,604713678.000000000,0.998049153,-0.043901755,0.044173194,0.000000000,-0.041299133,-0.997440730,-0.058198951,0.000000000,0.046616077,0.056262182,-0.997327182,0.000000000,0.563034943,-0.095600346,0.056633960,1.000000000,0.998080012,-0.046881103,0.040239277,0.000000000,-0.046665299,-0.998881165,-0.006286114,0.000000000,0.040489735,0.004396352,-0.999170283,0.000000000,0.477315014,-0.013461245,0.171904352,1.000000000,2.030744107,-1.130343106,-0.862049391,-1.402529804,-0.074404784,0.118543429
1774925879.000000000,637882947.000000000,0.998106973,-0.043418275,0.043336715,0.000000000,-0.040818430,-0.997403204,-0.059173070,0.000000000,0.045794252,0.057293221,-0.997306559,0.000000000,0.564091174,-0.097880171,0.050310047,1.000000000,0.998080012,-0.046881103,0.040239277,0.000000000,-0.046665299,-0.998881165,-0.006286114,0.000000000,0.040489735,0.004396352,-0.999170283,0.000000000,0.477315014,-0.013461245,0.171904352,1.000000000,1.529187740,-0.877510823,0.028561333,-1.429186395,0.040496150,0.123681335
1774925879.000000000,672029733.000000000,0.998190770,-0.042571680,0.042232516,0.000000000,-0.039993766,-0.997380367,-0.060113637,0.000000000,0.044681882,0.058316963,-0.997297679,0.000000000,0.564703917,-0.099848043,0.043872648,1.000000000,0.998080012,-0.046881103,0.040239277,0.000000000,-0.046665299,-0.998881165,-0.006286114,0.000000000,0.040489735,0.004396352,-0.999170283,0.000000000,0.477315014,-0.013461245,0.171904352,1.000000000,1.819788654,-0.171422876,0.697202865,-1.066109379,0.041986315,0.080873219
1774925879.000000000,706035375.000000000,0.998231351,-0.042265531,0.041575723,0.000000000,-0.039688747,-0.997340975,-0.060963342,0.000000000,0.044042668,0.059206571,-0.997273696,0.000000000,0.565310719,-0.101699898,0.037977172,1.000000000,0.998080012,-0.046881103,0.040239277,0.000000000,-0.046665299,-0.998881165,-0.006286114,0.000000000,0.040489735,0.004396352,-0.999170283,0.000000000,0.477315014,-0.013461245,0.171904352,1.000000000,1.277087117,-0.315045915,0.158969776,-1.335991072,0.092510907,0.153323921
1774925879.000000000,740429639.000000000,0.998245444,-0.042566715,0.040925005,0.000000000,-0.039992582,-0.997278422,-0.061782602,0.000000000,0.043444344,0.060038660,-0.997250193,0.000000000,0.565668328,-0.103484347,0.032319193,1.000000000,0.998080012,-0.046881103,0.040239277,0.000000000,-0.046665299,-0.998881165,-0.006286114,0.000000000,0.040489735,0.004396352,-0.999170283,0.000000000,0.477315014,-0.013461245,0.171904352,1.000000000,1.277087117,-0.315045915,0.158969776,-1.335991072,0.092510907,0.153323921
1774925879.000000000,774397134.000000000,0.998295600,-0.042640234,0.039603683,0.000000000,-0.040108339,-0.997218868,-0.062662562,0.000000000,0.042166298,0.060968496,-0.997248638,0.000000000,0.565633510,-0.105080339,0.026638327,1.000000000,0.998080012,-0.046881103,0.040239277,0.000000000,-0.046665299,-0.998881165,-0.006286114,0.000000000,0.040489735,0.004396352,-0.999170283,0.000000000,0.477315014,-0.013461245,0.171904352,1.000000000,1.644368165,-0.960233383,-0.708846904,-1.456236868,0.002975808,0.131389091
1774925879.000000000,809094667.000000000,0.998285716,-0.042606227,0.039888409,0.000000000,-0.040031312,-0.997183899,-0.063265408,0.000000000,0.042472397,0.061561354,-0.997199225,0.000000000,0.565878438,-0.106583063,0.021752854,1.000000000,0.998080012,-0.046881103,0.040239277,0.000000000,-0.046665299,-0.998881165,-0.006286114,0.000000000,0.040489735,0.004396352,-0.999170283,0.000000000,0.477315014,-0.013461245,0.171904352,1.000000000,1.808712067,-0.531318948,3.487500384,-1.330731376,0.163071832,0.105822511
1774925879.000000000,842188596.000000000,0.998327363,-0.042513499,0.038933605,0.000000000,-0.039965575,-0.997137473,-0.064034051,0.000000000,0.041545268,0.062372142,-0.997187899,0.000000000,0.565712850,-0.107894224,0.016729825,1.000000000,0.998080012,-0.046881103,0.040239277,0.000000000,-0.046665299,-0.998881165,-0.006286114,0.000000000,0.040489735,0.004396352,-0.999170283,0.000000000,0.477315014,-0.013461245,0.171904352,1.000000000,1.808712067,-0.531318948,3.487500384,-1.330731376,0.163071832,0.105822511
1774925879.000000000,876319408.000000000,0.998315165,-0.042376950,0.039392529,0.000000000,-0.039791062,-0.997130009,-0.064258566,0.000000000,0.042003364,0.062584035,-0.997155432,0.000000000,0.565727904,-0.109202873,0.012378376,1.000000000,0.998080012,-0.046881103,0.040239277,0.000000000,-0.046665299,-0.998881165,-0.006286114,0.000000000,0.040489735,0.004396352,-0.999170283,0.000000000,0.477315014,-0.013461245,0.171904352,1.000000000,1.257662315,-0.895248690,-1.002099928,-1.482515221,0.062964391,0.136135081
1774925879.000000000,910934448.000000000,0.998370381,-0.041645321,0.038768497,0.000000000,-0.039107182,-0.997169071,-0.064071978,0.000000000,0.041327840,0.062452640,-0.997191896,0.000000000,0.565440632,-0.110402269,0.007978726,1.000000000,0.998080012,-0.046881103,0.040239277,0.000000000,-0.046665299,-0.998881165,-0.006286114,0.000000000,0.040489735,0.004396352,-0.999170283,0.000000000,0.477315014,-0.013461245,0.171904352,1.000000000,1.312830424,-0.337903010,2.562580082,-1.308853812,0.217986960,0.115127550
1774925879.000000000,945072174.000000000,0.998331195,-0.041039879,0.040389349,0.000000000,-0.038428831,-0.997236681,-0.063426920,0.000000000,0.042881600,0.061770147,-0.997168801,0.000000000,0.565490547,-0.111662900,0.004426453,1.000000000,0.998080012,-0.046881103,0.040239277,0.000000000,-0.046665299,-0.998881165,-0.006286114,0.000000000,0.040489735,0.004396352,-0.999170283,0.000000000,0.477315014,-0.013461245,0.171904352,1.000000000,1.310866637,-0.278329954,3.122901947,-1.281930231,0.106854920,0.146423252
1774925879.000000000,978820800.000000000,0.998134166,-0.040897651,0.045125565,0.000000000,-0.038074599,-0.997356240,-0.061738168,0.000000000,0.047532125,0.059905991,-0.997071697,0.000000000,0.566896865,-0.112768657,0.004387397,1.000000000,0.998080012,-0.046881103,0.040239277,0.000000000,-0.046665299,-0.998881165,-0.006286114,0.000000000,0.040489735,0.004396352,-0.999170283,0.000000000,0.477315014,-0.013461245,0.171904352,1.000000000,1.098964520,0.996246956,17.106897451,-1.488058499,0.476140042,0.212165236
1774925880.000000000,12911319.000000000,0.998077115,-0.040826314,0.046433083,0.000000000,-0.037965947,-0.997411994,-0.060898672,0.000000000,0.048800122,0.059019831,-0.997063292,0.000000000,0.567758506,-0.113207122,0.004415434,1.000000000,0.998080012,-0.046881103,0.040239277,0.000000000,-0.046665299,-0.998881165,-0.006286114,0.000000000,0.040489735,0.004396352,-0.999170283,0.000000000,0.477315014,-0.013461245,0.171904352,1.000000000,2.507446659,1.769534876,22.620084327,-1.693506556,0.241686861,0.249908826
1774925880.000000000,46316623.000000000,0.998090165,-0.040355892,0.046563617,0.000000000,-0.037521291,-0.997469903,-0.060222031,0.000000000,0.048877061,0.058361014,-0.997098303,0.000000000,0.568247999,-0.113228414,0.004443462,1.000000000,0.998080012,-0.046881103,0.040239277,0.000000000,-0.046665299,-0.998881165,-0.006286114,0.000000000,0.040489735,0.004396352,-0.999170283,0.000000000,0.477315014,-0.013461245,0.171904352,1.000000000,4.231091043,1.280816267,22.901364734,-1.360984908,-0.003213542,0.237781971
1774925880.000000000,80449342.000000000,0.998105498,-0.039933412,0.046599190,0.000000000,-0.037129209,-0.997524036,-0.059564803,0.000000000,0.048863379,0.057722878,-0.997136119,0.000000000,0.568543201,-0.113250737,0.004436430,1.000000000,0.998080012,-0.046881103,0.040239277,0.000000000,-0.046665299,-0.998881165,-0.006286114,0.000000000,0.040489735,0.004396352,-0.999170283,0.000000000,0.477315014,-0.013461245,0.171904352,1.000000000,4.309891151,0.817336485,22.062187639,-1.299773853,-0.055294820,0.246492507
1774925880.000000000,114413499.000000000,0.998114818,-0.039608730,0.046676609,0.000000000,-0.036821254,-0.997560944,-0.059136323,0.000000000,0.048906019,0.057307252,-0.997158002,0.000000000,0.568679222,-0.113224935,0.004441379,1.000000000,0.998080012,-0.046881103,0.040239277,0.000000000,-0.046665299,-0.998881165,-0.006286114,0.000000000,0.040489735,0.004396352,-0.999170283,0.000000000,0.477315014,-0.013461245,0.171904352,1.000000000,4.302176523,0.430341517,20.932169656,-1.256828171,-0.142539428,0.255220096
