ros_time_sec,ros_time_nsec,O_T_EE_0,O_T_EE_1,O_T_EE_2,O_T_EE_3,O_T_EE_4,O_T_EE_5,O_T_EE_6,O_T_EE_7,O_T_EE_8,O_T_EE_9,O_T_EE_10,O_T_EE_11,O_T_EE_12,O_T_EE_13,O_T_EE_14,O_T_EE_15
1774903390.000000000,405289888.000000000,0.994504706,-0.097867886,0.036919020,0.000000000,-0.098388012,-0.995059438,0.012540349,0.000000000,0.035510005,-0.016104135,-0.999239559,0.000000000,0.445497874,-0.002767132,0.204303591,1.000000000
1774903390.000000000,438920974.000000000,0.994504220,-0.097869361,0.036928188,0.000000000,-0.098389564,-0.995059310,0.012538314,0.000000000,0.035519304,-0.016103064,-0.999239246,0.000000000,0.445501521,-0.002767230,0.204306527,1.000000000
1774903390.000000000,472846031.000000000,0.994504646,-0.097866717,0.036923736,0.000000000,-0.098386901,-0.995059554,0.012539861,0.000000000,0.035514765,-0.016104072,-0.999239391,0.000000000,0.445499775,-0.002767391,0.204304649,1.000000000
1774903390.000000000,506997108.000000000,0.994503853,-0.097870079,0.036936183,0.000000000,-0.098390386,-0.995059238,0.012537624,0.000000000,0.035527316,-0.016103191,-0.999238959,0.000000000,0.445502684,-0.002765870,0.204309470,1.000000000
1774903390.000000000,540501356.000000000,0.994504125,-0.097874375,0.036917468,0.000000000,-0.098394289,-0.995058886,0.012534960,0.000000000,0.035508887,-0.016098847,-0.999239684,0.000000000,0.445499518,-0.002769043,0.204301947,1.000000000
1774903390.000000000,574950933.000000000,0.994502677,-0.097889787,0.036915617,0.000000000,-0.098409769,-0.995057323,0.012537502,0.000000000,0.035506545,-0.016101747,-0.999239720,0.000000000,0.445497280,-0.002776801,0.204300791,1.000000000
1774903390.000000000,609045505.000000000,0.994507258,-0.097839107,0.036926545,0.000000000,-0.098359376,-0.995062256,0.012541389,0.000000000,0.035517857,-0.016104885,-0.999239268,0.000000000,0.445499800,-0.002754478,0.204306116,1.000000000
1774903390.000000000,642785549.000000000,0.994507448,-0.097840567,0.036917547,0.000000000,-0.098360584,-0.995062175,0.012538359,0.000000000,0.035509179,-0.016101032,-0.999239638,0.000000000,0.445499108,-0.002755536,0.204301787,1.000000000
1774903390.000000000,676631450.000000000,0.994501640,-0.097903203,0.036907968,0.000000000,-0.098422930,-0.995056071,0.012533558,0.000000000,0.035499106,-0.016097545,-0.999240053,0.000000000,0.445496821,-0.002782376,0.204297756,1.000000000
1774903390.000000000,710703134.000000000,0.994504184,-0.097872616,0.036920532,0.000000000,-0.098392617,-0.995059037,0.012536070,0.000000000,0.035511855,-0.016100192,-0.999239557,0.000000000,0.445499750,-0.002769061,0.204303047,1.000000000
1774903390.000000000,744474887.000000000,0.994509488,-0.097819358,0.036918797,0.000000000,-0.098339518,-0.995064209,0.012542167,0.000000000,0.035510391,-0.016104190,-0.999239544,0.000000000,0.445499847,-0.002745369,0.204302263,1.000000000
1774903390.000000000,778447151.000000000,0.994505097,-0.097868806,0.036906036,0.000000000,-0.098388500,-0.995059469,0.012534075,0.000000000,0.035497689,-0.016096641,-0.999240117,0.000000000,0.445497225,-0.002767326,0.204297308,1.000000000
1774903390.000000000,812243223.000000000,0.994501263,-0.097904620,0.036914373,0.000000000,-0.098424453,-0.995055919,0.012533628,0.000000000,0.035505449,-0.016098296,-0.999239815,0.000000000,0.445499131,-0.002782274,0.204300385,1.000000000
1774903390.000000000,846211671.000000000,0.994508781,-0.097826906,0.036917859,0.000000000,-0.098346962,-0.995063507,0.012539533,0.000000000,0.035509594,-0.016101745,-0.999239612,0.000000000,0.445498847,-0.002748527,0.204301799,1.000000000
1774903390.000000000,880326509.000000000,0.994507339,-0.097845485,0.036907453,0.000000000,-0.098365297,-0.995061725,0.012537101,0.000000000,0.035499178,-0.016098962,-0.999240027,0.000000000,0.445497004,-0.002755563,0.204297067,1.000000000
1774903390.000000000,914615631.000000000,0.994501007,-0.097910595,0.036905423,0.000000000,-0.098430292,-0.995055340,0.012533746,0.000000000,0.035496435,-0.016097745,-0.999240144,0.000000000,0.445496503,-0.002786135,0.204296364,1.000000000
1774903390.000000000,948267221.000000000,0.994506300,-0.097852213,0.036917631,0.000000000,-0.098372188,-0.995061045,0.012536981,0.000000000,0.035509209,-0.016100085,-0.999239653,0.000000000,0.445499241,-0.002759254,0.204301973,1.000000000
1774903390.000000000,981922864.000000000,0.994510288,-0.097814362,0.036910481,0.000000000,-0.098334331,-0.995064741,0.012540622,0.000000000,0.035502349,-0.016101655,-0.999239871,0.000000000,0.445497871,-0.002743242,0.204298755,1.000000000
1774903391.000000000,16369342.000000000,0.994502454,-0.097895029,0.036907703,0.000000000,-0.098414756,-0.995056876,0.012533821,0.000000000,0.035498948,-0.016097488,-0.999240059,0.000000000,0.445496845,-0.002778855,0.204297346,1.000000000
1774903391.000000000,50383090.000000000,0.994504627,-0.097871163,0.036912453,0.000000000,-0.098391038,-0.995059191,0.012536212,0.000000000,0.035503826,-0.016099485,-0.999239854,0.000000000,0.445498539,-0.002766072,0.204299695,1.000000000
1774903391.000000000,83995819.000000000,0.994510088,-0.097815560,0.036912700,0.000000000,-0.098335578,-0.995064613,0.012541008,0.000000000,0.035504500,-0.016102301,-0.999239784,0.000000000,0.445498178,-0.002744297,0.204299484,1.000000000
1774903391.000000000,119251489.000000000,0.994503558,-0.097880026,0.036917760,0.000000000,-0.098399933,-0.995058333,0.012534553,0.000000000,0.035509126,-0.016098673,-0.999239678,0.000000000,0.445499333,-0.002769656,0.204301561,1.000000000
1774903391.000000000,152171373.000000000,0.994502781,-0.097891768,0.036907547,0.000000000,-0.098411511,-0.995057190,0.012534392,0.000000000,0.035498790,-0.016097925,-0.999240058,0.000000000,0.445496241,-0.002776165,0.204297583,1.000000000
1774903391.000000000,185250520.000000000,0.994509890,-0.097818959,0.036909023,0.000000000,-0.098338804,-0.995064335,0.012537766,0.000000000,0.035501105,-0.016098832,-0.999239961,0.000000000,0.445498272,-0.002746982,0.204297922,1.000000000
1774903391.000000000,219730138.000000000,0.994505529,-0.097861043,0.036914992,0.000000000,-0.098381010,-0.995060163,0.012537806,0.000000000,0.035506359,-0.016100962,-0.999239740,0.000000000,0.445498923,-0.002764850,0.204300570,1.000000000
1774903391.000000000,253608942.000000000,0.994502182,-0.097899290,0.036903729,0.000000000,-0.098418874,-0.995056498,0.012531517,0.000000000,0.035495152,-0.016094954,-0.999240235,0.000000000,0.445496283,-0.002778205,0.204295905,1.000000000
1774903391.000000000,287903308.000000000,0.994508146,-0.097836505,0.036909532,0.000000000,-0.098356309,-0.995062626,0.012536082,0.000000000,0.035501493,-0.016097831,-0.999239963,0.000000000,0.445498497,-0.002753778,0.204297380,1.000000000
1774903391.000000000,321284294.000000000,0.994507101,-0.097846148,0.036912103,0.000000000,-0.098366020,-0.995061659,0.012536678,0.000000000,0.035503836,-0.016099022,-0.999239861,0.000000000,0.445498080,-0.002755787,0.204299343,1.000000000
1774903391.000000000,355893611.000000000,0.994503335,-0.097886329,0.036907052,0.000000000,-0.098406057,-0.995057730,0.012534292,0.000000000,0.035498395,-0.016097583,-0.999240077,0.000000000,0.445496710,-0.002775880,0.204297325,1.000000000
1774903391.000000000,389430046.000000000,0.994507143,-0.097843400,0.036918276,0.000000000,-0.098363399,-0.995061908,0.012537487,0.000000000,0.035509943,-0.016100337,-0.999239622,0.000000000,0.445501315,-0.002756532,0.204301442,1.000000000
1774903391.000000000,423596143.000000000,0.994508474,-0.097833766,0.036907944,0.000000000,-0.098353590,-0.995062878,0.012537408,0.000000000,0.035499827,-0.016098897,-0.999240005,0.000000000,0.445497646,-0.002753258,0.204297243,1.000000000
1774903391.000000000,458443880.000000000,0.994503812,-0.097881192,0.036907817,0.000000000,-0.098400993,-0.995058209,0.012536066,0.000000000,0.035499064,-0.016099242,-0.999240027,0.000000000,0.445496505,-0.002774667,0.204296598,1.000000000
1774903391.000000000,491553783.000000000,0.994505940,-0.097856957,0.036914753,0.000000000,-0.098376864,-0.995060592,0.012536281,0.000000000,0.035506337,-0.016099274,-0.999239768,0.000000000,0.445498120,-0.002762023,0.204299005,1.000000000
1774903391.000000000,525468587.000000000,0.994508089,-0.097838730,0.036905150,0.000000000,-0.098358567,-0.995062367,0.012538951,0.000000000,0.035496814,-0.016100336,-0.999240089,0.000000000,0.445496569,-0.002753268,0.204296171,1.000000000
1774903391.000000000,559356451.000000000,0.994504911,-0.097870309,0.036907071,0.000000000,-0.098390049,-0.995059306,0.012534848,0.000000000,0.035498619,-0.016097566,-0.999240069,0.000000000,0.445496773,-0.002769484,0.204297206,1.000000000
1774903391.000000000,596344232.000000000,0.994505004,-0.097866671,0.036914202,0.000000000,-0.098386548,-0.995059644,0.012535523,0.000000000,0.035505706,-0.016098811,-0.999239798,0.000000000,0.445499014,-0.002766062,0.204299489,1.000000000
1774903391.000000000,630316257.000000000,0.994508073,-0.097838031,0.036907436,0.000000000,-0.098357806,-0.995062477,0.012536178,0.000000000,0.035499373,-0.016097774,-0.999240039,0.000000000,0.445497567,-0.002752665,0.204297003,1.000000000
1774903391.000000000,664949417.000000000,0.994505576,-0.097862018,0.036911119,0.000000000,-0.098381867,-0.995060098,0.012536231,0.000000000,0.035502644,-0.016099047,-0.999239903,0.000000000,0.445497616,-0.002765384,0.204297536,1.000000000
1774903391.000000000,698583364.000000000,0.994503790,-0.097878133,0.036916515,0.000000000,-0.098398087,-0.995058491,0.012536495,0.000000000,0.035507727,-0.016100416,-0.999239700,0.000000000,0.445498611,-0.002773242,0.204301082,1.000000000
1774903391.000000000,732616424.000000000,0.994498802,-0.097915595,0.036951543,0.000000000,-0.098436057,-0.995054763,0.012534316,0.000000000,0.035542188,-0.016103036,-0.999238433,0.000000000,0.445508581,-0.002785290,0.204315230,1.000000000
1774903391.000000000,766823053.000000000,0.994503348,-0.097889775,0.036897562,0.000000000,-0.098409252,-0.995057450,0.012531463,0.000000000,0.035489175,-0.016093953,-0.999240463,0.000000000,0.445494215,-0.002774775,0.204291988,1.000000000
1774903391.000000000,800634622.000000000,0.994505912,-0.097858647,0.036911027,0.000000000,-0.098378470,-0.995060441,0.012535607,0.000000000,0.035502669,-0.016098296,-0.999239914,0.000000000,0.445497399,-0.002762339,0.204296872,1.000000000
1774903391.000000000,834077835.000000000,0.994507231,-0.097847975,0.036903772,0.000000000,-0.098367711,-0.995061492,0.012536612,0.000000000,0.035495524,-0.016098201,-0.999240169,0.000000000,0.445496988,-0.002758965,0.204295198,1.000000000
1774903391.000000000,867938280.000000000,0.994505119,-0.097875792,0.036886922,0.000000000,-0.098395159,-0.995058819,0.012533416,0.000000000,0.035478622,-0.016094351,-0.999240831,0.000000000,0.445492483,-0.002770926,0.204287073,1.000000000
1774903391.000000000,902429580.000000000,0.994504711,-0.097872483,0.036906680,0.000000000,-0.098392170,-0.995059113,0.012533516,0.000000000,0.035498325,-0.016096279,-0.999240101,0.000000000,0.445497667,-0.002768180,0.204295165,1.000000000
1774903391.000000000,937234163.000000000,0.994508352,-0.097840514,0.036893339,0.000000000,-0.098360019,-0.995062274,0.012534930,0.000000000,0.035485429,-0.016095232,-0.999240576,0.000000000,0.445494580,-0.002756052,0.204289421,1.000000000
1774903391.000000000,970608472.000000000,0.994505553,-0.097867507,0.036897202,0.000000000,-0.098386957,-0.995059658,0.012531222,0.000000000,0.035489201,-0.016092883,-0.999240479,0.000000000,0.445496355,-0.002766050,0.204290829,1.000000000
1774903392.000000000,3994703.000000000,0.994505241,-0.097869428,0.036900515,0.000000000,-0.098388976,-0.995059443,0.012532438,0.000000000,0.035492346,-0.016094489,-0.999240342,0.000000000,0.445496501,-0.002767044,0.204293040,1.000000000
1774903392.000000000,37992238.000000000,0.994507153,-0.097850753,0.036898515,0.000000000,-0.098370373,-0.995061241,0.012535681,0.000000000,0.035490340,-0.016096855,-0.999240375,0.000000000,0.445495018,-0.002759803,0.204292215,1.000000000
1774903392.000000000,72078943.000000000,0.994506799,-0.097856997,0.036891501,0.000000000,-0.098376351,-0.995060705,0.012531292,0.000000000,0.035483691,-0.016092016,-0.999240689,0.000000000,0.445494350,-0.002762098,0.204288718,1.000000000
1774903392.000000000,106357097.000000000,0.994505524,-0.097869697,0.036892166,0.000000000,-0.098389132,-0.995059420,0.012533038,0.000000000,0.035483976,-0.016094273,-0.999240643,0.000000000,0.445494179,-0.002766260,0.204289479,1.000000000
1774903392.000000000,140182733.000000000,0.994505594,-0.097869050,0.036891988,0.000000000,-0.098388333,-0.995059551,0.012528866,0.000000000,0.035484220,-0.016090078,-0.999240701,0.000000000,0.445494893,-0.002766545,0.204289211,1.000000000
1774903392.000000000,174427986.000000000,0.994503404,-0.097914605,0.036830099,0.000000000,-0.098432181,-0.995055476,0.012508126,0.000000000,0.035423945,-0.016064950,-0.999243244,0.000000000,0.445488026,-0.002778954,0.204259499,1.000000000
1774903392.000000000,208525657.000000000,0.994507294,-0.097918800,0.036713727,0.000000000,-0.098432990,-0.995055934,0.012465183,0.000000000,0.035312316,-0.016010866,-0.999248064,0.000000000,0.445474533,-0.002770600,0.204188628,1.000000000
1774903392.000000000,243048429.000000000,0.994521032,-0.097874144,0.036459773,0.000000000,-0.098382460,-0.995061567,0.012414395,0.000000000,0.035065346,-0.015933686,-0.999257994,0.000000000,0.445431230,-0.002735243,0.204080320,1.000000000
1774903392.000000000,277308464.000000000,0.994538299,-0.097814855,0.036146539,0.000000000,-0.098316922,-0.995068483,0.012379194,0.000000000,0.034758082,-0.015865704,-0.999269811,0.000000000,0.445355984,-0.002698549,0.203942387,1.000000000
1774903392.000000000,310343503.000000000,0.994551294,-0.097785380,0.035867686,0.000000000,-0.098281615,-0.995072471,0.012338893,0.000000000,0.034485047,-0.015797100,-0.999280358,0.000000000,0.445278266,-0.002674832,0.203798627,1.000000000
1774903392.000000000,344352722.000000000,0.994548895,-0.097796936,0.035902662,0.000000000,-0.098291292,-0.995072388,0.012268298,0.000000000,0.034526611,-0.015730644,-0.999279971,0.000000000,0.445297288,-0.002669893,0.203709603,1.000000000
1774903392.000000000,378504037.000000000,0.994545438,-0.097809377,0.035964479,0.000000000,-0.098301032,-0.995072731,0.012161985,0.000000000,0.034598382,-0.015631293,-0.999279047,0.000000000,0.445348448,-0.002662160,0.203610153,1.000000000
1774903392.000000000,412360668.000000000,0.994527861,-0.097786485,0.036508670,0.000000000,-0.098279394,-0.995077372,0.011955416,0.000000000,0.035160550,-0.015478342,-0.999261806,0.000000000,0.445557068,-0.002638952,0.203529694,1.000000000
1774903392.000000000,446837663.000000000,0.994439667,-0.097952059,0.038417300,0.000000000,-0.098456755,-0.995065572,0.011468284,0.000000000,0.037105105,-0.015187251,-0.999195956,0.000000000,0.446254806,-0.002689764,0.203588909,1.000000000
1774903392.000000000,480622053.000000000,0.994286162,-0.098425927,0.041086633,0.000000000,-0.098935810,-0.995028092,0.010561683,0.000000000,0.039843577,-0.014566555,-0.999099747,0.000000000,0.447479528,-0.002847743,0.203692707,1.000000000
1774903392.000000000,514441013.000000000,0.994128324,-0.099099527,0.043230851,0.000000000,-0.099586165,-0.994976301,0.009246799,0.000000000,0.042098129,-0.013497959,-0.999022298,0.000000000,0.448980719,-0.003017787,0.203646658,1.000000000
1774903392.000000000,549286365.000000000,0.994007807,-0.099987540,0.043951313,0.000000000,-0.100417285,-0.994906127,0.007675536,0.000000000,0.042960799,-0.012043246,-0.999004169,0.000000000,0.450468743,-0.003241981,0.203298291,1.000000000
1774903392.000000000,582593441.000000000,0.993933103,-0.100830831,0.043713591,0.000000000,-0.101190047,-0.994838869,0.006078360,0.000000000,0.042875919,-0.010465065,-0.999025594,0.000000000,0.451901417,-0.003625650,0.202485633,1.000000000
1774903392.000000000,616666316.000000000,0.993894930,-0.101243853,0.043626788,0.000000000,-0.101535912,-0.994811904,0.004525614,0.000000000,0.042943085,-0.008927842,-0.999037629,0.000000000,0.453598788,-0.004060793,0.201408542,1.000000000
1774903392.000000000,650464773.000000000,0.993890980,-0.101194956,0.043829762,0.000000000,-0.101428608,-0.994828206,0.003134432,0.000000000,0.043286728,-0.007561021,-0.999034079,0.000000000,0.455657327,-0.004570016,0.200215081,1.000000000
1774903392.000000000,684598445.000000000,0.993953253,-0.100870321,0.043160811,0.000000000,-0.101044657,-0.994870455,0.001871228,0.000000000,0.042751487,-0.006221203,-0.999066368,0.000000000,0.457805547,-0.005260615,0.198559019,1.000000000
1774903392.000000000,718776226.000000000,0.994051763,-0.099933024,0.043072381,0.000000000,-0.100071190,-0.994970042,0.001058161,0.000000000,0.042750806,-0.005362275,-0.999071376,0.000000000,0.460409332,-0.006235143,0.196799544,1.000000000
1774903392.000000000,752828836.000000000,0.994157990,-0.098672653,0.043524087,0.000000000,-0.098779883,-0.995099584,0.000314613,0.000000000,0.043280591,-0.004612168,-0.999052310,0.000000000,0.463454363,-0.007324201,0.195009555,1.000000000
1774903392.000000000,786147594.000000000,0.994268900,-0.097432896,0.043782776,0.000000000,-0.097494191,-0.995226147,-0.000738266,0.000000000,0.043646536,-0.003534599,-0.999040783,0.000000000,0.466738142,-0.008432173,0.192884633,1.000000000
1774903392.000000000,820448398.000000000,0.994385103,-0.096168577,0.043938804,0.000000000,-0.096184849,-0.995352281,-0.001748585,0.000000000,0.043903593,-0.002487528,-0.999032676,0.000000000,0.470307000,-0.009664646,0.190800642,1.000000000
1774903392.000000000,854357242.000000000,0.994548837,-0.094373921,0.044123917,0.000000000,-0.094365257,-0.995525353,-0.002283912,0.000000000,0.044142869,-0.001892339,-0.999023436,0.000000000,0.474044799,-0.011069343,0.188594649,1.000000000
1774903392.000000000,888443231.000000000,0.994693295,-0.093100971,0.043568403,0.000000000,-0.093058051,-0.995646446,-0.003016669,0.000000000,0.043660421,-0.001053750,-0.999045873,0.000000000,0.477733181,-0.012685393,0.185989341,1.000000000
1774903392.000000000,922098159.000000000,0.994719517,-0.092387343,0.044479307,0.000000000,-0.092300098,-0.995713470,-0.004015650,0.000000000,0.044660500,-0.000111001,-0.999002216,0.000000000,0.481814073,-0.014381667,0.183721511,1.000000000
1774903392.000000000,958080768.000000000,0.994819765,-0.091428086,0.044218622,0.000000000,-0.091304014,-0.995801725,-0.004821692,0.000000000,0.044474675,0.000759392,-0.999010223,0.000000000,0.485410152,-0.015980957,0.181065979,1.000000000
1774903392.000000000,991318941.000000000,0.994905981,-0.090278235,0.044639398,0.000000000,-0.090118390,-0.995905737,-0.005584468,0.000000000,0.044961655,0.001533219,-0.998987537,0.000000000,0.489908761,-0.017933102,0.178236472,1.000000000
1774903393.000000000,25244712.000000000,0.994982624,-0.089109382,0.045275192,0.000000000,-0.088918540,-0.996009842,-0.006215741,0.000000000,0.045649297,0.002158791,-0.998955195,0.000000000,0.494154343,-0.019684241,0.175724101,1.000000000
1774903393.000000000,59890031.000000000,0.995093648,-0.087782532,0.045426930,0.000000000,-0.087565285,-0.996126221,-0.006754224,0.000000000,0.045844741,0.002743316,-0.998944810,0.000000000,0.498451114,-0.021448360,0.172970790,1.000000000
1774903393.000000000,93940734.000000000,0.995195187,-0.086765479,0.045155711,0.000000000,-0.086524730,-0.996213567,-0.007262707,0.000000000,0.045615762,0.003320790,-0.998953540,0.000000000,0.502635251,-0.023297324,0.170197872,1.000000000
1774903393.000000000,127664089.000000000,0.995202286,-0.086259834,0.045960822,0.000000000,-0.085978803,-0.996254697,-0.008060415,0.000000000,0.046484870,0.004070165,-0.998910702,0.000000000,0.507090324,-0.025134890,0.167737388,1.000000000
1774903393.000000000,161791324.000000000,0.995279175,-0.085657911,0.045418419,0.000000000,-0.085346054,-0.996303152,-0.008765096,0.000000000,0.046002199,0.004847528,-0.998929577,0.000000000,0.511187948,-0.026950733,0.164816910,1.000000000
1774903393.000000000,195984840.000000000,0.995305403,-0.085256988,0.045597675,0.000000000,-0.084917239,-0.996334566,-0.009340325,0.000000000,0.046227758,0.005424552,-0.998916197,0.000000000,0.515434951,-0.028799276,0.162223089,1.000000000
1774903393.000000000,229559898.000000000,0.995337007,-0.084783434,0.045790387,0.000000000,-0.084423027,-0.996372624,-0.009751590,0.000000000,0.046451955,0.005840467,-0.998903451,0.000000000,0.519484256,-0.030674255,0.159543584,1.000000000
1774903393.000000000,263312816.000000000,0.995421601,-0.084056688,0.045288589,0.000000000,-0.083687163,-0.996432260,-0.009997796,0.000000000,0.045968277,0.006162067,-0.998923894,0.000000000,0.523337851,-0.032458306,0.156651959,1.000000000
1774903393.000000000,298150539.000000000,0.995489582,-0.082924432,0.045877864,0.000000000,-0.082568937,-0.996529519,-0.009593459,0.000000000,0.046515074,0.005762213,-0.998900968,0.000000000,0.527337867,-0.034220744,0.154110341,1.000000000
1774903393.000000000,331736326.000000000,0.995528673,-0.082316343,0.046124047,0.000000000,-0.081947715,-0.996578492,-0.009829960,0.000000000,0.046776300,0.006006363,-0.998887332,0.000000000,0.531219718,-0.035781240,0.151250052,1.000000000
1774903393.000000000,365720748.000000000,0.995534529,-0.082134371,0.046321635,0.000000000,-0.081737696,-0.996589988,-0.010396728,0.000000000,0.047018512,0.006564204,-0.998872450,0.000000000,0.535004181,-0.037386227,0.148463521,1.000000000
1774903393.000000000,399558544.000000000,0.995568778,-0.081895755,0.046006964,0.000000000,-0.081480029,-0.996606332,-0.010843021,0.000000000,0.046739729,0.007046460,-0.998882248,0.000000000,0.538546051,-0.039016378,0.145573052,1.000000000
1774903393.000000000,433343648.000000000,0.995622476,-0.081782218,0.045036654,0.000000000,-0.081347809,-0.996610936,-0.011398384,0.000000000,0.045817089,0.007685002,-0.998920285,0.000000000,0.541762433,-0.040621250,0.142277773,1.000000000
1774903393.000000000,467448949.000000000,0.995636974,-0.081420895,0.045369593,0.000000000,-0.080970996,-0.996638474,-0.011670352,0.000000000,0.046168181,0.007945966,-0.998902078,0.000000000,0.545130403,-0.042233805,0.139320240,1.000000000
1774903393.000000000,501399278.000000000,0.995706684,-0.081144048,0.044323688,0.000000000,-0.080681860,-0.996656535,-0.012121708,0.000000000,0.045159968,0.008493711,-0.998943659,0.000000000,0.547986666,-0.043757983,0.135654507,1.000000000
1774903393.000000000,535638093.000000000,0.995764813,-0.080373735,0.044421242,0.000000000,-0.079908973,-0.996718530,-0.012143904,0.000000000,0.045252397,0.008542981,-0.998939056,0.000000000,0.551019563,-0.045271316,0.132317700,1.000000000
1774903393.000000000,569774150.000000000,0.995861595,-0.079683599,0.043485101,0.000000000,-0.079225286,-0.996772841,-0.012165731,0.000000000,0.044315030,0.008670431,-0.998979981,0.000000000,0.553602944,-0.046655976,0.128390895,1.000000000
1774903393.000000000,603469848.000000000,0.995928339,-0.078950512,0.043293262,0.000000000,-0.078485179,-0.996829156,-0.012347388,0.000000000,0.044131668,0.008899406,-0.998986084,0.000000000,0.556330805,-0.047920302,0.124646273,1.000000000
1774903393.000000000,637750625.000000000,0.995972234,-0.078360518,0.043355327,0.000000000,-0.077869274,-0.996870352,-0.012908293,0.000000000,0.044231992,0.009480436,-0.998976302,0.000000000,0.558933082,-0.048998204,0.120809079,1.000000000
1774903393.000000000,671787500.000000000,0.996008430,-0.078295140,0.042635971,0.000000000,-0.077762379,-0.996863732,-0.014016366,0.000000000,0.043600506,0.010645149,-0.998992331,0.000000000,0.561202510,-0.049907050,0.116654829,1.000000000
1774903393.000000000,706158399.000000000,0.996061927,-0.077520064,0.042802152,0.000000000,-0.076960147,-0.996917900,-0.014580268,0.000000000,0.043801339,0.011229007,-0.998977153,0.000000000,0.563584480,-0.050786643,0.112884540,1.000000000
1774903393.000000000,739671707.000000000,0.996141670,-0.077001017,0.041873177,0.000000000,-0.076413473,-0.996946731,-0.015457818,0.000000000,0.042936421,0.012198737,-0.999003331,0.000000000,0.565523703,-0.051474387,0.108592886,1.000000000
1774903393.000000000,773317337.000000000,0.996179088,-0.076159352,0.042517341,0.000000000,-0.075534295,-0.997003220,-0.016121281,0.000000000,0.043618552,0.012848413,-0.998965635,0.000000000,0.567630786,-0.052085223,0.104728938,1.000000000
1774903393.000000000,807868957.000000000,0.996241649,-0.075435831,0.042340985,0.000000000,-0.074767673,-0.997043835,-0.017150312,0.000000000,0.043510404,0.013920386,-0.998955989,0.000000000,0.569411698,-0.052544291,0.100467430,1.000000000
1774903393.000000000,841575622.000000000,0.996271621,-0.074827430,0.042713694,0.000000000,-0.074116385,-0.997077546,-0.017996545,0.000000000,0.043936347,0.014763947,-0.998925234,0.000000000,0.571225068,-0.052960694,0.096608239,1.000000000
1774903393.000000000,875203371.000000000,0.996367538,-0.074066819,0.041792145,0.000000000,-0.073331438,-0.997119532,-0.018864963,0.000000000,0.043069861,0.015732061,-0.998948191,0.000000000,0.572544730,-0.053340962,0.092271091,1.000000000
1774903393.000000000,909168958.000000000,0.996425779,-0.073046598,0.042197256,0.000000000,-0.072291833,-0.997190091,-0.019145757,0.000000000,0.043478056,0.016027118,-0.998925818,0.000000000,0.574169840,-0.053774014,0.088498978,1.000000000
1774903393.000000000,943566083.000000000,0.996509204,-0.072248606,0.041596777,0.000000000,-0.071500689,-0.997246138,-0.019197379,0.000000000,0.042870035,0.016156478,-0.998950013,0.000000000,0.575414873,-0.054194597,0.084419184,1.000000000
1774903393.000000000,977522850.000000000,0.996519128,-0.071913963,0.041937521,0.000000000,-0.071159046,-0.997270024,-0.019225950,0.000000000,0.043206479,0.016175105,-0.998935216,0.000000000,0.576806208,-0.054496991,0.080744226,1.000000000
1774903394.000000000,11746406.000000000,0.996568548,-0.071389141,0.041658929,0.000000000,-0.070628626,-0.997303340,-0.019452292,0.000000000,0.042936098,0.016443546,-0.998942491,0.000000000,0.577897564,-0.054657652,0.076962027,1.000000000
1774903394.000000000,46058654.000000000,0.996574363,-0.071062100,0.042076875,0.000000000,-0.070274618,-0.997319328,-0.019909348,0.000000000,0.043379716,0.016884535,-0.998915969,0.000000000,0.579039758,-0.054778156,0.073385824,1.000000000
1774903394.000000000,79339504.000000000,0.996567732,-0.070620318,0.042968290,0.000000000,-0.069799138,-0.997344392,-0.020322188,0.000000000,0.044290195,0.017253620,-0.998869707,0.000000000,0.580284177,-0.054928128,0.070202068,1.000000000
1774903394.000000000,112959384.000000000,0.996623835,-0.070104135,0.042509873,0.000000000,-0.069283378,-0.997377035,-0.020484374,0.000000000,0.043835254,0.017470324,-0.998886009,0.000000000,0.581071052,-0.055072222,0.066693358,1.000000000
1774903394.000000000,147490739.000000000,0.996614793,-0.070098781,0.042730116,0.000000000,-0.069266256,-0.997374525,-0.020663731,0.000000000,0.044067280,0.017634364,-0.998872917,0.000000000,0.581988620,-0.055188907,0.063638986,1.000000000
1774903394.000000000,181798458.000000000,0.996645649,-0.069636964,0.042765522,0.000000000,-0.068802415,-0.997406139,-0.020687408,0.000000000,0.044096051,0.017675985,-0.998870912,0.000000000,0.582824241,-0.055231251,0.060877072,1.000000000
1774903394.000000000,215532779.000000000,0.996685781,-0.069121919,0.042665701,0.000000000,-0.068286777,-0.997440645,-0.020732143,0.000000000,0.043990397,0.017750270,-0.998874253,0.000000000,0.583573594,-0.055253709,0.058101350,1.000000000
1774903394.000000000,249632358.000000000,0.996702454,-0.068739909,0.042892785,0.000000000,-0.067904430,-0.997468619,-0.020641920,0.000000000,0.044203982,0.017661582,-0.998866396,0.000000000,0.584479983,-0.055238018,0.055761821,1.000000000
1774903394.000000000,283463954.000000000,0.996710136,-0.068582961,0.042965435,0.000000000,-0.067749531,-0.997480762,-0.020563984,0.000000000,0.044268386,0.017585782,-0.998864881,0.000000000,0.585360816,-0.055240423,0.053728268,1.000000000
1774903394.000000000,317416667.000000000,0.996772725,-0.068149462,0.042196347,0.000000000,-0.067332778,-0.997510633,-0.020483671,0.000000000,0.043488093,0.017576706,-0.998899317,0.000000000,0.586157592,-0.055139211,0.051678599,1.000000000
1774903394.000000000,351642370.000000000,0.996826091,-0.067988062,0.041183921,0.000000000,-0.067190364,-0.997520833,-0.020454595,0.000000000,0.042473305,0.017622850,-0.998942167,0.000000000,0.586814457,-0.055019565,0.049604926,1.000000000
1774903394.000000000,385586023.000000000,0.996843090,-0.067884302,0.040942922,0.000000000,-0.067099585,-0.997531188,-0.020246502,0.000000000,0.042217074,0.017435668,-0.998956313,0.000000000,0.587557074,-0.054978664,0.047837740,1.000000000
1774903394.000000000,419801950.000000000,0.996846726,-0.067792463,0.041006508,0.000000000,-0.067030233,-0.997547046,-0.019687192,0.000000000,0.042241377,0.016876762,-0.998964885,0.000000000,0.588412576,-0.055107152,0.046293723,1.000000000
1774903394.000000000,453653335.000000000,0.996862593,-0.067526447,0.041059663,0.000000000,-0.066798145,-0.997578604,-0.018859567,0.000000000,0.042234574,0.016057997,-0.998978669,0.000000000,0.589320559,-0.055280441,0.044860482,1.000000000
1774903394.000000000,487456321.000000000,0.996883826,-0.067240986,0.041012599,0.000000000,-0.066546779,-0.997610114,-0.018064681,0.000000000,0.042130082,0.015279426,-0.998995293,0.000000000,0.590127088,-0.055394756,0.043337424,1.000000000
1774903394.000000000,521633863.000000000,0.996919470,-0.066916545,0.040675468,0.000000000,-0.066264938,-0.997644785,-0.017163542,0.000000000,0.041728997,0.014415589,-0.999024965,0.000000000,0.590860600,-0.055485976,0.041756248,1.000000000
1774903394.000000000,555625438.000000000,0.996956658,-0.066587684,0.040301985,0.000000000,-0.065982426,-0.997680144,-0.016167736,0.000000000,0.041285858,0.013459569,-0.999056714,0.000000000,0.591585584,-0.055592509,0.040246846,1.000000000
1774903394.000000000,589238166.000000000,0.996997074,-0.066240707,0.039871663,0.000000000,-0.065674416,-0.997713380,-0.015350216,0.000000000,0.040798087,0.012685816,-0.999086876,0.000000000,0.592189239,-0.055644585,0.038739326,1.000000000
1774903394.000000000,623494625.000000000,0.997027495,-0.065916041,0.039648403,0.000000000,-0.065377005,-0.997742070,-0.014742975,0.000000000,0.040531459,0.012107290,-0.999104907,0.000000000,0.592872344,-0.055627442,0.037260344,1.000000000
1774903394.000000000,657636404.000000000,0.997046170,-0.065648326,0.039622967,0.000000000,-0.065131325,-0.997765984,-0.014202073,0.000000000,0.040467570,0.011579649,-0.999113751,0.000000000,0.593690268,-0.055611085,0.035767160,1.000000000
1774903394.000000000,691657543.000000000,0.997081020,-0.065155654,0.039559169,0.000000000,-0.064658564,-0.997803491,-0.013718993,0.000000000,0.040366924,0.011121322,-0.999123029,0.000000000,0.594319030,-0.055449381,0.034159179,1.000000000
1774903394.000000000,725541830.000000000,0.997101280,-0.064659164,0.039861962,0.000000000,-0.064179054,-0.997841319,-0.013209796,0.000000000,0.040630829,0.010613406,-0.999117857,0.000000000,0.594942582,-0.055261328,0.032647955,1.000000000
1774903394.000000000,761049032.000000000,0.997124449,-0.064289659,0.039880070,0.000000000,-0.063836216,-0.997871921,-0.012542444,0.000000000,0.040602333,0.009960777,-0.999125735,0.000000000,0.595467195,-0.054999874,0.031231591,1.000000000
1774903394.000000000,793642759.000000000,0.997158856,-0.063897725,0.039648999,0.000000000,-0.063477458,-0.997904208,-0.011770788,0.000000000,0.040318806,0.009220705,-0.999144320,0.000000000,0.595913236,-0.054738386,0.029789858,1.000000000
1774903394.000000000,827573776.000000000,0.997186621,-0.063331163,0.039859160,0.000000000,-0.062937558,-0.997946595,-0.011054618,0.000000000,0.040478194,0.008515043,-0.999144139,0.000000000,0.596322772,-0.054374295,0.028310175,1.000000000
1774903394.000000000,861705064.000000000,0.997184530,-0.063162889,0.040177225,0.000000000,-0.062795218,-0.997963123,-0.010349505,0.000000000,0.040749878,0.007797578,-0.999138952,0.000000000,0.596633588,-0.053982406,0.026719519,1.000000000
1774903394.000000000,895795345.000000000,0.997228533,-0.062609456,0.039950670,0.000000000,-0.062268589,-0.998002437,-0.009721402,0.000000000,0.040480297,0.007206927,-0.999154345,0.000000000,0.596726229,-0.053518183,0.024950310,1.000000000
1774903394.000000000,929558992.000000000,0.997257852,-0.062149064,0.039937658,0.000000000,-0.061839174,-0.998036357,-0.008949526,0.000000000,0.040416217,0.006455398,-0.999162078,0.000000000,0.596766524,-0.053195616,0.023243197,1.000000000
1774903394.000000000,963426351.000000000,0.997302617,-0.061570940,0.039714688,0.000000000,-0.061295225,-0.998076971,-0.008124182,0.000000000,0.040139301,0.005668056,-0.999178017,0.000000000,0.596773774,-0.052924538,0.021618708,1.000000000
1774903394.000000000,997463226.000000000,0.997335454,-0.061276405,0.039343895,0.000000000,-0.061036498,-0.998099405,-0.007271267,0.000000000,0.039715440,0.004850572,-0.999199257,0.000000000,0.596778190,-0.052801219,0.020075919,1.000000000
1774903395.000000000,31697034.000000000,0.997352085,-0.060956905,0.039418539,0.000000000,-0.060743820,-0.998122042,-0.006582071,0.000000000,0.039746500,0.004170290,-0.999201093,0.000000000,0.596931763,-0.052646431,0.018627396,1.000000000
1774903395.000000000,66009044.000000000,0.997371463,-0.060698684,0.039326600,0.000000000,-0.060504397,-0.998139568,-0.006112890,0.000000000,0.039625243,0.003717461,-0.999207696,0.000000000,0.597098420,-0.052425274,0.017207520,1.000000000
1774903395.000000000,99171876.000000000,0.997389862,-0.060429521,0.039274467,0.000000000,-0.060254655,-0.998157561,-0.005621999,0.000000000,0.039542602,0.003240918,-0.999212630,0.000000000,0.597255082,-0.052181018,0.015811642,1.000000000
1774903395.000000000,133595466.000000000,0.997391699,-0.060085155,0.039753242,0.000000000,-0.059922749,-0.998179486,-0.005265401,0.000000000,0.039998013,0.002869599,-0.999195639,0.000000000,0.597443676,-0.051790718,0.014609404,1.000000000
1774903395.000000000,167143583.000000000,0.997389737,-0.059912321,0.040062105,0.000000000,-0.059771559,-0.998191358,-0.004703243,0.000000000,0.040272205,0.002296436,-0.999186107,0.000000000,0.597586864,-0.051362872,0.013688979,1.000000000
1774903395.000000000,201261043.000000000,0.997390254,-0.059889551,0.040083290,0.000000000,-0.059776282,-0.998194063,-0.004019455,0.000000000,0.040252400,0.001612966,-0.999188242,0.000000000,0.597692102,-0.050927810,0.013052418,1.000000000
1774903395.000000000,235218763.000000000,0.997360181,-0.060523781,0.039878411,0.000000000,-0.060444262,-0.998156807,-0.003197811,0.000000000,0.039999221,0.000778963,-0.999199407,0.000000000,0.597765956,-0.050689490,0.012641000,1.000000000
1774903395.000000000,269793748.000000000,0.997357250,-0.060875795,0.039413208,0.000000000,-0.060830616,-0.998135703,-0.002345601,0.000000000,0.039483280,-0.000058129,-0.999220230,0.000000000,0.597709649,-0.050535310,0.012278889,1.000000000
1774903395.000000000,303099632.000000000,0.997371561,-0.061088796,0.038715314,0.000000000,-0.061077346,-0.998122295,-0.001479558,0.000000000,0.038733748,-0.000888976,-0.999249171,0.000000000,0.597505684,-0.050525181,0.011862444,1.000000000
1774903395.000000000,337502956.000000000,0.997376487,-0.061502348,0.037925598,0.000000000,-0.061522665,-0.998095842,-0.000632244,0.000000000,0.037892996,-0.001702731,-0.999280352,0.000000000,0.597254616,-0.050630274,0.011359962,1.000000000
1774903395.000000000,371243000.000000000,0.997388979,-0.061722352,0.037233352,0.000000000,-0.061775991,-0.998080352,0.000290746,0.000000000,0.037144647,-0.002590163,-0.999306543,0.000000000,0.597028908,-0.050818988,0.010841301,1.000000000
1774903395.000000000,405306100.000000000,0.997405988,-0.061715350,0.036786650,0.000000000,-0.061787136,-0.998079370,0.000816670,0.000000000,0.036666301,-0.003087553,-0.999322795,0.000000000,0.596854037,-0.050893486,0.010373261,1.000000000
1774903395.000000000,439218282.000000000,0.997417153,-0.061674611,0.036551491,0.000000000,-0.061751659,-0.998081418,0.000981631,0.000000000,0.036421523,-0.003236273,-0.999331276,0.000000000,0.596753815,-0.050898426,0.010017249,1.000000000
1774903395.000000000,474173784.000000000,0.997421686,-0.061703588,0.036378476,0.000000000,-0.061780221,-0.998079647,0.000985104,0.000000000,0.036248529,-0.003230097,-0.999337586,0.000000000,0.596690884,-0.050909596,0.009723739,1.000000000
1774903395.000000000,507420063.000000000,0.997423087,-0.061721843,0.036309035,0.000000000,-0.061794400,-0.998078868,0.000878420,0.000000000,0.036185760,-0.003119912,-0.999340211,0.000000000,0.596709740,-0.050880197,0.009454717,1.000000000
1774903395.000000000,542196989.000000000,0.997430300,-0.061796958,0.035981644,0.000000000,-0.061865108,-0.998074568,0.000782657,0.000000000,0.035864688,-0.003006711,-0.999352132,0.000000000,0.596690591,-0.050879316,0.009093912,1.000000000
1774903395.000000000,575043678.000000000,0.997441288,-0.061871972,0.035545505,0.000000000,-0.061934218,-0.998070376,0.000651668,0.000000000,0.035437278,-0.002851539,-0.999367834,0.000000000,0.596669050,-0.050871241,0.008623909,1.000000000
1774903395.000000000,609417200.000000000,0.997459087,-0.061969544,0.034869639,0.000000000,-0.062023377,-0.998064944,0.000463216,0.000000000,0.034774129,-0.002624822,-0.999391750,0.000000000,0.596609105,-0.050849307,0.007954301,1.000000000
1774903395.000000000,645310163.000000000,0.997476784,-0.062066008,0.034185138,0.000000000,-0.062108037,-0.998059773,0.000167889,0.000000000,0.034109047,-0.002290681,-0.999415492,0.000000000,0.596542233,-0.050794606,0.007058259,1.000000000
1774903395.000000000,677860021.000000000,0.997486697,-0.062185583,0.033674757,0.000000000,-0.062212315,-0.998053260,-0.000254406,0.000000000,0.033625668,-0.001841253,-0.999432801,0.000000000,0.596511644,-0.050717847,0.005935601,1.000000000
1774903395.000000000,711715936.000000000,0.997400624,-0.062557702,0.035486273,0.000000000,-0.062575497,-0.998030401,-0.000610064,0.000000000,0.035455226,-0.001612123,-0.999369966,0.000000000,0.597068988,-0.050680015,0.005449693,1.000000000
1774903395.000000000,745688915.000000000,0.997360635,-0.062911905,0.035980589,0.000000000,-0.062935805,-0.998007821,-0.000469132,0.000000000,0.035939115,-0.001796608,-0.999352366,0.000000000,0.597380700,-0.050829006,0.005476183,1.000000000
1774903395.000000000,779246091.000000000,0.997345481,-0.063093147,0.036083138,0.000000000,-0.063121852,-0.997996122,-0.000344266,0.000000000,0.036033247,-0.001934319,-0.999348720,0.000000000,0.597467480,-0.050923498,0.005466869,1.000000000
1774903395.000000000,813234329.000000000,0.997348315,-0.063059910,0.036062907,0.000000000,-0.063090938,-0.997998098,-0.000278109,0.000000000,0.036008943,-0.001997909,-0.999349471,0.000000000,0.597459315,-0.050905887,0.005450885,1.000000000
1774903395.000000000,847660064.000000000,0.997346040,-0.063108110,0.036041515,0.000000000,-0.063144120,-0.997994763,-0.000139440,0.000000000,0.035978736,-0.002136781,-0.999350271,0.000000000,0.597452693,-0.050939629,0.005436813,1.000000000
1774903395.000000000,881868124.000000000,0.997342502,-0.063167676,0.036035055,0.000000000,-0.063209007,-0.997990665,0.000007733,0.000000000,0.035962852,-0.002285496,-0.999350514,0.000000000,0.597451183,-0.050968727,0.005429005,1.000000000
1774903395.000000000,915305376.000000000,0.997339147,-0.063234241,0.036011173,0.000000000,-0.063281088,-0.997986084,0.000161443,0.000000000,0.035929132,-0.002439886,-0.999351362,0.000000000,0.597447161,-0.050983092,0.005411785,1.000000000
1774903395.000000000,949027538.000000000,0.997341224,-0.063216325,0.035985090,0.000000000,-0.063270677,-0.997986688,0.000372464,0.000000000,0.035889786,-0.002648326,-0.999352245,0.000000000,0.597440773,-0.050989511,0.005398169,1.000000000
1774903395.000000000,983068466.000000000,0.997348740,-0.063121256,0.035943639,0.000000000,-0.063185021,-0.997991979,0.000639736,0.000000000,0.035831773,-0.002909195,-0.999353601,0.000000000,0.597431203,-0.050988155,0.005375302,1.000000000
1774903396.000000000,17151832.000000000,0.997352396,-0.063085163,0.035905543,0.000000000,-0.063159629,-0.997993347,0.000942320,0.000000000,0.035774736,-0.003207668,-0.999354731,0.000000000,0.597423822,-0.050987326,0.005353075,1.000000000
