ros_time_sec,ros_time_nsec,O_T_EE_0,O_T_EE_1,O_T_EE_2,O_T_EE_3,O_T_EE_4,O_T_EE_5,O_T_EE_6,O_T_EE_7,O_T_EE_8,O_T_EE_9,O_T_EE_10,O_T_EE_11,O_T_EE_12,O_T_EE_13,O_T_EE_14,O_T_EE_15,O_T_EE_d_0,O_T_EE_d_1,O_T_EE_d_2,O_T_EE_d_3,O_T_EE_d_4,O_T_EE_d_5,O_T_EE_d_6,O_T_EE_d_7,O_T_EE_d_8,O_T_EE_d_9,O_T_EE_d_10,O_T_EE_d_11,O_T_EE_d_12,O_T_EE_d_13,O_T_EE_d_14,O_T_EE_d_15,F_ext_x,F_ext_y,F_ext_z,F_ext_wx,F_ext_wy,F_ext_wz
1774904059.000000000,733499765.000000000,0.985674637,-0.165089350,0.034231029,0.000000000,-0.165597860,-0.986103432,0.012574448,0.000000000,0.031680037,-0.018063248,-0.999334826,0.000000000,0.321556229,0.008435115,0.291762609,1.000000000,0.985668980,-0.165084904,0.034414858,0.000000000,-0.165596777,-0.986103599,0.012575634,0.000000000,0.031861181,-0.018094750,-0.999328497,0.000000000,0.321582183,0.008489080,0.291811041,1.000000000,-0.590913984,-0.000918455,-0.673474847,0.104181692,0.130713737,0.055875465
1774904059.000000000,767694950.000000000,0.985674801,-0.165087857,0.034233512,0.000000000,-0.165596385,-0.986103690,0.012573617,0.000000000,0.031682651,-0.018062791,-0.999334751,0.000000000,0.321556978,0.008434167,0.291763558,1.000000000,0.985668980,-0.165084904,0.034414858,0.000000000,-0.165596777,-0.986103599,0.012575634,0.000000000,0.031861181,-0.018094750,-0.999328497,0.000000000,0.321582183,0.008489080,0.291811041,1.000000000,-0.599549612,0.012125244,-0.659394737,0.108996898,0.133743719,0.053788244
1774904059.000000000,802068710.000000000,0.985674408,-0.165090887,0.034230198,0.000000000,-0.165599287,-0.986103232,0.012571391,0.000000000,0.031679696,-0.018060143,-0.999334893,0.000000000,0.321556594,0.008434640,0.291762964,1.000000000,0.985668980,-0.165084904,0.034414858,0.000000000,-0.165596777,-0.986103599,0.012575634,0.000000000,0.031861181,-0.018094750,-0.999328497,0.000000000,0.321582183,0.008489080,0.291811041,1.000000000,-0.605654789,0.024777193,-0.673593625,0.110407413,0.134722550,0.052648065
1774904059.000000000,835796833.000000000,0.985675184,-0.165085551,0.034233595,0.000000000,-0.165594085,-0.986104075,0.012573782,0.000000000,0.031682748,-0.018062894,-0.999334746,0.000000000,0.321556716,0.008435011,0.291763886,1.000000000,0.985668980,-0.165084904,0.034414858,0.000000000,-0.165596777,-0.986103599,0.012575634,0.000000000,0.031861181,-0.018094750,-0.999328497,0.000000000,0.321582183,0.008489080,0.291811041,1.000000000,-0.619291575,0.031584440,-0.674903029,0.113115930,0.136366780,0.045761117
1774904059.000000000,869653940.000000000,0.985675354,-0.165084613,0.034233224,0.000000000,-0.165593082,-0.986104266,0.012571957,0.000000000,0.031682701,-0.018061001,-0.999334782,0.000000000,0.321557496,0.008434697,0.291763844,1.000000000,0.985668980,-0.165084904,0.034414858,0.000000000,-0.165596777,-0.986103599,0.012575634,0.000000000,0.031861181,-0.018094750,-0.999328497,0.000000000,0.321582183,0.008489080,0.291811041,1.000000000,-0.619291575,0.031584440,-0.674903029,0.113115930,0.136366780,0.045761117
1774904059.000000000,904711008.000000000,0.985673790,-0.165094187,0.034232080,0.000000000,-0.165602634,-0.986102664,0.012571785,0.000000000,0.031681426,-0.018060949,-0.999334823,0.000000000,0.321556695,0.008433937,0.291763499,1.000000000,0.985668980,-0.165084904,0.034414858,0.000000000,-0.165596777,-0.986103599,0.012575634,0.000000000,0.031861181,-0.018094750,-0.999328497,0.000000000,0.321582183,0.008489080,0.291811041,1.000000000,-0.607410908,0.007199716,-0.689586840,0.105103723,0.131024496,0.055074493
1774904059.000000000,937675476.000000000,0.985675091,-0.165086522,0.034231611,0.000000000,-0.165594981,-0.986103940,0.012572551,0.000000000,0.031680978,-0.018061381,-0.999334830,0.000000000,0.321556899,0.008434558,0.291763025,1.000000000,0.985668980,-0.165084904,0.034414858,0.000000000,-0.165596777,-0.986103599,0.012575634,0.000000000,0.031861181,-0.018094750,-0.999328497,0.000000000,0.321582183,0.008489080,0.291811041,1.000000000,-0.599259639,0.013599365,-0.695378688,0.108861024,0.128528869,0.050219771
1774904059.000000000,971738576.000000000,0.985675291,-0.165085116,0.034232614,0.000000000,-0.165593606,-0.986104166,0.012572956,0.000000000,0.031681925,-0.018061902,-0.999334790,0.000000000,0.321557395,0.008434505,0.291763766,1.000000000,0.985668980,-0.165084904,0.034414858,0.000000000,-0.165596777,-0.986103599,0.012575634,0.000000000,0.031861181,-0.018094750,-0.999328497,0.000000000,0.321582183,0.008489080,0.291811041,1.000000000,-0.599259639,0.013599365,-0.695378688,0.108861024,0.128528869,0.050219771
1774904060.000000000,5418777.000000000,0.985674253,-0.165091396,0.034232223,0.000000000,-0.165599789,-0.986103165,0.012570023,0.000000000,0.031681910,-0.018059144,-0.999334841,0.000000000,0.321556199,0.008434908,0.291763412,1.000000000,0.985668980,-0.165084904,0.034414858,0.000000000,-0.165596777,-0.986103599,0.012575634,0.000000000,0.031861181,-0.018094750,-0.999328497,0.000000000,0.321582183,0.008489080,0.291811041,1.000000000,-0.616214698,0.019483253,-0.696640803,0.110424148,0.133684320,0.050529124
1774904060.000000000,41478872.000000000,0.985676067,-0.165080145,0.034234258,0.000000000,-0.165588692,-0.986104979,0.012573894,0.000000000,0.031683482,-0.018062940,-0.999334722,0.000000000,0.321556849,0.008435537,0.291763952,1.000000000,0.985668980,-0.165084904,0.034414858,0.000000000,-0.165596777,-0.986103599,0.012575634,0.000000000,0.031861181,-0.018094750,-0.999328497,0.000000000,0.321582183,0.008489080,0.291811041,1.000000000,-0.635869261,0.027888375,-0.699346615,0.111990882,0.135268018,0.050514169
1774904060.000000000,74863672.000000000,0.985674668,-0.165087897,0.034237157,0.000000000,-0.165596448,-0.986103697,0.012572265,0.000000000,0.031686469,-0.018062062,-0.999334643,0.000000000,0.321557681,0.008435020,0.291765057,1.000000000,0.985668980,-0.165084904,0.034414858,0.000000000,-0.165596777,-0.986103599,0.012575634,0.000000000,0.031861181,-0.018094750,-0.999328497,0.000000000,0.321582183,0.008489080,0.291811041,1.000000000,-0.592588213,0.004004577,-0.683148520,0.104937337,0.128251677,0.057000674
1774904060.000000000,108778476.000000000,0.985674664,-0.165090492,0.034224751,0.000000000,-0.165598838,-0.986103289,0.012572824,0.000000000,0.031674096,-0.018060640,-0.999335061,0.000000000,0.321554833,0.008433937,0.291760409,1.000000000,0.985668980,-0.165084904,0.034414858,0.000000000,-0.165596777,-0.986103599,0.012575634,0.000000000,0.031861181,-0.018094750,-0.999328497,0.000000000,0.321582183,0.008489080,0.291811041,1.000000000,-0.592588213,0.004004577,-0.683148520,0.104937337,0.128251677,0.057000674
1774904060.000000000,143669605.000000000,0.985675439,-0.165084511,0.034231270,0.000000000,-0.165592950,-0.986104286,0.012572115,0.000000000,0.031680751,-0.018060830,-0.999334847,0.000000000,0.321556507,0.008434191,0.291763512,1.000000000,0.985668980,-0.165084904,0.034414858,0.000000000,-0.165596777,-0.986103599,0.012575634,0.000000000,0.031861181,-0.018094750,-0.999328497,0.000000000,0.321582183,0.008489080,0.291811041,1.000000000,-0.611221654,0.014963151,-0.666120599,0.105674782,0.136476826,0.057038801
1774904060.000000000,176335334.000000000,0.985674075,-0.165091870,0.034235060,0.000000000,-0.165600290,-0.986103090,0.012569255,0.000000000,0.031684827,-0.018058872,-0.999334753,0.000000000,0.321557111,0.008434460,0.291764500,1.000000000,0.985668980,-0.165084904,0.034414858,0.000000000,-0.165596777,-0.986103599,0.012575634,0.000000000,0.031861181,-0.018094750,-0.999328497,0.000000000,0.321582183,0.008489080,0.291811041,1.000000000,-0.595248106,0.006116961,-0.650307440,0.101297375,0.136296180,0.059020629
1774904060.000000000,210867881.000000000,0.985674557,-0.165089670,0.034231778,0.000000000,-0.165598141,-0.986103406,0.012572783,0.000000000,0.031681046,-0.018061739,-0.999334821,0.000000000,0.321556071,0.008434201,0.291763102,1.000000000,0.985668980,-0.165084904,0.034414858,0.000000000,-0.165596777,-0.986103599,0.012575634,0.000000000,0.031861181,-0.018094750,-0.999328497,0.000000000,0.321582183,0.008489080,0.291811041,1.000000000,-0.595248106,0.006116961,-0.650307440,0.101297375,0.136296180,0.059020629
1774904060.000000000,245621919.000000000,0.985675628,-0.165082753,0.034234319,0.000000000,-0.165591320,-0.986104531,0.012574445,0.000000000,0.031683403,-0.018063578,-0.999334713,0.000000000,0.321556837,0.008435457,0.291763951,1.000000000,0.985668980,-0.165084904,0.034414858,0.000000000,-0.165596777,-0.986103599,0.012575634,0.000000000,0.031861181,-0.018094750,-0.999328497,0.000000000,0.321582183,0.008489080,0.291811041,1.000000000,-0.618591368,0.012565260,-0.694943847,0.103814120,0.136420070,0.056740402
1774904060.000000000,278640270.000000000,0.985674568,-0.165090003,0.034229883,0.000000000,-0.165598427,-0.986103363,0.012572375,0.000000000,0.031679239,-0.018061032,-0.999334891,0.000000000,0.321555964,0.008434145,0.291762761,1.000000000,0.985668980,-0.165084904,0.034414858,0.000000000,-0.165596777,-0.986103599,0.012575634,0.000000000,0.031861181,-0.018094750,-0.999328497,0.000000000,0.321582183,0.008489080,0.291811041,1.000000000,-0.618591368,0.012565260,-0.694943847,0.103814120,0.136420070,0.056740402
1774904060.000000000,312900304.000000000,0.985674258,-0.165091205,0.034233006,0.000000000,-0.165599697,-0.986103146,0.012572694,0.000000000,0.031682244,-0.018061905,-0.999334780,0.000000000,0.321556086,0.008434144,0.291763723,1.000000000,0.985668980,-0.165084904,0.034414858,0.000000000,-0.165596777,-0.986103599,0.012575634,0.000000000,0.031861181,-0.018094750,-0.999328497,0.000000000,0.321582183,0.008489080,0.291811041,1.000000000,-0.592618311,0.008285199,-0.672962882,0.103545950,0.136198988,0.057567527
1774904060.000000000,346816539.000000000,0.985675961,-0.165080559,0.034235303,0.000000000,-0.165589083,-0.986104930,0.012572553,0.000000000,0.031684726,-0.018061804,-0.999334703,0.000000000,0.321557613,0.008435616,0.291764437,1.000000000,0.985668980,-0.165084904,0.034414858,0.000000000,-0.165596777,-0.986103599,0.012575634,0.000000000,0.031861181,-0.018094750,-0.999328497,0.000000000,0.321582183,0.008489080,0.291811041,1.000000000,-0.568087807,0.014497439,-0.669855823,0.105162754,0.130806585,0.054858349
1774904060.000000000,380485057.000000000,0.985674854,-0.165087309,0.034234620,0.000000000,-0.165595825,-0.986103798,0.012572592,0.000000000,0.031683923,-0.018061945,-0.999334726,0.000000000,0.321557720,0.008434392,0.291764965,1.000000000,0.985668980,-0.165084904,0.034414858,0.000000000,-0.165596777,-0.986103599,0.012575634,0.000000000,0.031861181,-0.018094750,-0.999328497,0.000000000,0.321582183,0.008489080,0.291811041,1.000000000,-0.568087807,0.014497439,-0.669855823,0.105162754,0.130806585,0.054858349
1774904060.000000000,415232181.000000000,0.985675025,-0.165086956,0.034231393,0.000000000,-0.165595326,-0.986103916,0.012569847,0.000000000,0.031681203,-0.018058690,-0.999334871,0.000000000,0.321557089,0.008434868,0.291763922,1.000000000,0.985668980,-0.165084904,0.034414858,0.000000000,-0.165596777,-0.986103599,0.012575634,0.000000000,0.031861181,-0.018094750,-0.999328497,0.000000000,0.321582183,0.008489080,0.291811041,1.000000000,-0.590523262,0.014914764,-0.677148779,0.107704917,0.138541193,0.051421252
1774904060.000000000,448748350.000000000,0.985675315,-0.165085491,0.034230121,0.000000000,-0.165593892,-0.986104135,0.012571567,0.000000000,0.031679690,-0.018060130,-0.999334893,0.000000000,0.321556537,0.008435486,0.291763085,1.000000000,0.985668980,-0.165084904,0.034414858,0.000000000,-0.165596777,-0.986103599,0.012575634,0.000000000,0.031861181,-0.018094750,-0.999328497,0.000000000,0.321582183,0.008489080,0.291811041,1.000000000,-0.556800141,0.022502149,-0.650911382,0.106333291,0.135990524,0.055814309
1774904060.000000000,482842683.000000000,0.985674828,-0.165088196,0.034231107,0.000000000,-0.165596677,-0.986103643,0.012573506,0.000000000,0.031680292,-0.018062294,-0.999334835,0.000000000,0.321557075,0.008434280,0.291763915,1.000000000,0.985668980,-0.165084904,0.034414858,0.000000000,-0.165596777,-0.986103599,0.012575634,0.000000000,0.031861181,-0.018094750,-0.999328497,0.000000000,0.321582183,0.008489080,0.291811041,1.000000000,-0.561735626,0.030116528,-0.668312286,0.111519501,0.135632721,0.049827808
1774904060.000000000,517012596.000000000,0.985675369,-0.165084384,0.034233905,0.000000000,-0.165592829,-0.986104323,0.012570837,0.000000000,0.031683563,-0.018060002,-0.999334773,0.000000000,0.321557479,0.008434733,0.291765031,1.000000000,0.985668980,-0.165084904,0.034414858,0.000000000,-0.165596777,-0.986103599,0.012575634,0.000000000,0.031861181,-0.018094750,-0.999328497,0.000000000,0.321582183,0.008489080,0.291811041,1.000000000,-0.561735626,0.030116528,-0.668312286,0.111519501,0.135632721,0.049827808
1774904060.000000000,550695657.000000000,0.985674947,-0.165086659,0.034235087,0.000000000,-0.165595101,-0.986103952,0.012570010,0.000000000,0.031684823,-0.018059454,-0.999334743,0.000000000,0.321558001,0.008433916,0.291765921,1.000000000,0.985668980,-0.165084904,0.034414858,0.000000000,-0.165596777,-0.986103599,0.012575634,0.000000000,0.031861181,-0.018094750,-0.999328497,0.000000000,0.321582183,0.008489080,0.291811041,1.000000000,-0.562278909,-0.025174358,-0.657706827,0.103883655,0.138001559,0.047679603
1774904060.000000000,585030078.000000000,0.985674298,-0.165091507,0.034230379,0.000000000,-0.165599857,-0.986103157,0.012569724,0.000000000,0.031680140,-0.018058548,-0.999334908,0.000000000,0.321556748,0.008434290,0.291763865,1.000000000,0.985668980,-0.165084904,0.034414858,0.000000000,-0.165596777,-0.986103599,0.012575634,0.000000000,0.031861181,-0.018094750,-0.999328497,0.000000000,0.321582183,0.008489080,0.291811041,1.000000000,-0.536235438,0.044491067,-0.652234866,0.113301029,0.134704411,0.049548317
1774904060.000000000,618630409.000000000,0.985674158,-0.165092123,0.034231458,0.000000000,-0.165600501,-0.986103045,0.012570004,0.000000000,0.031681146,-0.018059022,-0.999334867,0.000000000,0.321557126,0.008435087,0.291763701,1.000000000,0.985668980,-0.165084904,0.034414858,0.000000000,-0.165596777,-0.986103599,0.012575634,0.000000000,0.031861181,-0.018094750,-0.999328497,0.000000000,0.321582183,0.008489080,0.291811041,1.000000000,-0.584569580,0.027380355,-0.599099576,0.104447652,0.148237478,0.059623155
1774904060.000000000,652786254.000000000,0.985673243,-0.165094880,0.034244497,0.000000000,-0.165603384,-0.986102606,0.012566492,0.000000000,0.031694535,-0.018057807,-0.999334465,0.000000000,0.321559798,0.008432444,0.291767964,1.000000000,0.985668980,-0.165084904,0.034414858,0.000000000,-0.165596777,-0.986103599,0.012575634,0.000000000,0.031861181,-0.018094750,-0.999328497,0.000000000,0.321582183,0.008489080,0.291811041,1.000000000,-0.547051611,0.039602820,-0.659124823,0.111583721,0.140582033,0.049332938
1774904060.000000000,687043190.000000000,0.985675516,-0.165082580,0.034238365,0.000000000,-0.165591034,-0.986104654,0.012568566,0.000000000,0.031688370,-0.018058441,-0.999334649,0.000000000,0.321558743,0.008435003,0.291766020,1.000000000,0.985668980,-0.165084904,0.034414858,0.000000000,-0.165596777,-0.986103599,0.012575634,0.000000000,0.031861181,-0.018094750,-0.999328497,0.000000000,0.321582183,0.008489080,0.291811041,1.000000000,-0.528774575,0.044799860,-0.651298632,0.108310372,0.142297699,0.053316852
1774904060.000000000,720483541.000000000,0.985673946,-0.165091155,0.034242212,0.000000000,-0.165599697,-0.986103193,0.012569030,0.000000000,0.031691929,-0.018059813,-0.999334511,0.000000000,0.321559270,0.008434821,0.291767253,1.000000000,0.985668980,-0.165084904,0.034414858,0.000000000,-0.165596777,-0.986103599,0.012575634,0.000000000,0.031861181,-0.018094750,-0.999328497,0.000000000,0.321582183,0.008489080,0.291811041,1.000000000,-0.528774575,0.044799860,-0.651298632,0.108310372,0.142297699,0.053316852
1774904060.000000000,755007743.000000000,0.985673226,-0.165094067,0.034248903,0.000000000,-0.165602656,-0.986102726,0.012566682,0.000000000,0.031698863,-0.018058699,-0.999334311,0.000000000,0.321561062,0.008433947,0.291769348,1.000000000,0.985668980,-0.165084904,0.034414858,0.000000000,-0.165596777,-0.986103599,0.012575634,0.000000000,0.031861181,-0.018094750,-0.999328497,0.000000000,0.321582183,0.008489080,0.291811041,1.000000000,-0.505476256,0.057706266,-0.626229837,0.108972586,0.144747557,0.052366933
1774904060.000000000,789189577.000000000,0.985673634,-0.165090916,0.034252354,0.000000000,-0.165599584,-0.986103235,0.012567221,0.000000000,0.031702234,-0.018059702,-0.999334186,0.000000000,0.321561583,0.008434192,0.291770780,1.000000000,0.985668980,-0.165084904,0.034414858,0.000000000,-0.165596777,-0.986103599,0.012575634,0.000000000,0.031861181,-0.018094750,-0.999328497,0.000000000,0.321582183,0.008489080,0.291811041,1.000000000,-0.494185292,0.050483030,-0.635977931,0.105849193,0.144761886,0.053943247
1774904060.000000000,822576522.000000000,0.985673685,-0.165086832,0.034270560,0.000000000,-0.165595706,-0.986103934,0.012563423,0.000000000,0.031720889,-0.018058841,-0.999333610,0.000000000,0.321567417,0.008434810,0.291777388,1.000000000,0.985668980,-0.165084904,0.034414858,0.000000000,-0.165596777,-0.986103599,0.012575634,0.000000000,0.031861181,-0.018094750,-0.999328497,0.000000000,0.321582183,0.008489080,0.291811041,1.000000000,-0.485635255,0.055489191,-0.621028327,0.104465015,0.146696365,0.056178273
1774904060.000000000,856734752.000000000,0.985672782,-0.165091007,0.034276430,0.000000000,-0.165600096,-0.986103154,0.012566796,0.000000000,0.031726041,-0.018063277,-0.999333366,0.000000000,0.321567460,0.008433774,0.291777893,1.000000000,0.985668980,-0.165084904,0.034414858,0.000000000,-0.165596777,-0.986103599,0.012575634,0.000000000,0.031861181,-0.018094750,-0.999328497,0.000000000,0.321582183,0.008489080,0.291811041,1.000000000,-0.485635255,0.055489191,-0.621028327,0.104465015,0.146696365,0.056178273
1774904060.000000000,891104936.000000000,0.985673279,-0.165087659,0.034278264,0.000000000,-0.165596718,-0.986103746,0.012564853,0.000000000,0.031728234,-0.018061556,-0.999333327,0.000000000,0.321568075,0.008432532,0.291777903,1.000000000,0.985668980,-0.165084904,0.034414858,0.000000000,-0.165596777,-0.986103599,0.012575634,0.000000000,0.031861181,-0.018094750,-0.999328497,0.000000000,0.321582183,0.008489080,0.291811041,1.000000000,-0.423243595,0.056205957,-0.608573570,0.102237548,0.138088077,0.055942996
1774904060.000000000,924722194.000000000,0.985671981,-0.165092101,0.034294194,0.000000000,-0.165601387,-0.986102987,0.012562879,0.000000000,0.031744186,-0.018062392,-0.999332806,0.000000000,0.321572626,0.008432548,0.291783028,1.000000000,0.985668980,-0.165084904,0.034414858,0.000000000,-0.165596777,-0.986103599,0.012575634,0.000000000,0.031861181,-0.018094750,-0.999328497,0.000000000,0.321582183,0.008489080,0.291811041,1.000000000,-0.455680607,0.076329366,-0.588073956,0.101249945,0.149293688,0.054692204
1774904060.000000000,958660840.000000000,0.985670800,-0.165092779,0.034324852,0.000000000,-0.165602457,-0.986102873,0.012557740,0.000000000,0.031775254,-0.018062426,-0.999331818,0.000000000,0.321581173,0.008432174,0.291792276,1.000000000,0.985668980,-0.165084904,0.034414858,0.000000000,-0.165596777,-0.986103599,0.012575634,0.000000000,0.031861181,-0.018094750,-0.999328497,0.000000000,0.321582183,0.008489080,0.291811041,1.000000000,-0.399285236,0.083892104,-0.638188123,0.091888999,0.143685356,0.063895839
1774904060.000000000,992634534.000000000,0.985671659,-0.165079046,0.034366220,0.000000000,-0.165589306,-0.986105145,0.012552718,0.000000000,0.031817128,-0.018063885,-0.999330459,0.000000000,0.321594061,0.008433437,0.291808621,1.000000000,0.985668980,-0.165084904,0.034414858,0.000000000,-0.165596777,-0.986103599,0.012575634,0.000000000,0.031861181,-0.018094750,-0.999328497,0.000000000,0.321582183,0.008489080,0.291811041,1.000000000,-0.399285236,0.083892104,-0.638188123,0.091888999,0.143685356,0.063895839
1774904061.000000000,26485681.000000000,0.985668359,-0.165068681,0.034510351,0.000000000,-0.165580829,-0.986106854,0.012530307,0.000000000,0.031963148,-0.018065328,-0.999325773,0.000000000,0.321639949,0.008440185,0.291871581,1.000000000,0.985668980,-0.165084904,0.034414858,0.000000000,-0.165596777,-0.986103599,0.012575634,0.000000000,0.031861181,-0.018094750,-0.999328497,0.000000000,0.321582183,0.008489080,0.291811041,1.000000000,-0.394788401,0.148618972,-0.584002702,0.089275954,0.149121134,0.062366827
1774904061.000000000,60653924.000000000,0.985665452,-0.165055674,0.034655272,0.000000000,-0.165569781,-0.986108969,0.012509864,0.000000000,0.032109669,-0.018068755,-0.999321014,0.000000000,0.321686194,0.008445490,0.291929483,1.000000000,0.985668980,-0.165084904,0.034414858,0.000000000,-0.165596777,-0.986103599,0.012575634,0.000000000,0.031861181,-0.018094750,-0.999328497,0.000000000,0.321582183,0.008489080,0.291811041,1.000000000,-0.394788401,0.148618972,-0.584002702,0.089275954,0.149121134,0.062366827
1774904061.000000000,94713449.000000000,0.985660808,-0.165048869,0.034819375,0.000000000,-0.165564962,-0.986110163,0.012479446,0.000000000,0.032276642,-0.018065717,-0.999315690,0.000000000,0.321734078,0.008446962,0.291991024,1.000000000,0.985668980,-0.165084904,0.034414858,0.000000000,-0.165596777,-0.986103599,0.012575634,0.000000000,0.031861181,-0.018094750,-0.999328497,0.000000000,0.321582183,0.008489080,0.291811041,1.000000000,-0.192305605,0.165424997,-0.579703256,0.087284071,0.110671027,0.059233285
1774904061.000000000,128348827.000000000,0.985651228,-0.165061698,0.035029129,0.000000000,-0.165579545,-0.986108510,0.012416422,0.000000000,0.032493672,-0.018038716,-0.999309144,0.000000000,0.321800823,0.008445536,0.292079783,1.000000000,0.985668980,-0.165084904,0.034414858,0.000000000,-0.165596777,-0.986103599,0.012575634,0.000000000,0.031861181,-0.018094750,-0.999328497,0.000000000,0.321582183,0.008489080,0.291811041,1.000000000,-0.093640652,0.145659957,-0.793522875,0.062702269,0.093727346,0.062196229
1774904061.000000000,162425041.000000000,0.985635008,-0.165089695,0.035352099,0.000000000,-0.165610420,-0.986104462,0.012325789,0.000000000,0.032826634,-0.018003751,-0.999298893,0.000000000,0.321901720,0.008437807,0.292206956,1.000000000,0.985668980,-0.165084904,0.034414858,0.000000000,-0.165596777,-0.986103599,0.012575634,0.000000000,0.031861181,-0.018094750,-0.999328497,0.000000000,0.321582183,0.008489080,0.291811041,1.000000000,0.041707443,0.106216836,-0.841826223,0.045490734,0.073836423,0.071311122
1774904061.000000000,196814537.000000000,0.985616702,-0.165112222,0.035754972,0.000000000,-0.165636933,-0.986101245,0.012226551,0.000000000,0.033239910,-0.017973383,-0.999285778,0.000000000,0.322023519,0.008428927,0.292360536,1.000000000,0.985668980,-0.165084904,0.034414858,0.000000000,-0.165596777,-0.986103599,0.012575634,0.000000000,0.031861181,-0.018094750,-0.999328497,0.000000000,0.321582183,0.008489080,0.291811041,1.000000000,0.080480260,0.199395516,-0.736913239,0.051328089,0.073963296,0.067028037
1774904061.000000000,232043504.000000000,0.985591763,-0.165154611,0.036243327,0.000000000,-0.165684900,-0.986094376,0.012130217,0.000000000,0.033736629,-0.017960759,-0.999269359,0.000000000,0.322162149,0.008410613,0.292523792,1.000000000,0.985668980,-0.165084904,0.034414858,0.000000000,-0.165596777,-0.986103599,0.012575634,0.000000000,0.031861181,-0.018094750,-0.999328497,0.000000000,0.321582183,0.008489080,0.291811041,1.000000000,0.193667071,0.304037682,-0.868401713,0.074199626,0.055070114,0.059524692
1774904061.000000000,264809370.000000000,0.985556003,-0.165245949,0.036795227,0.000000000,-0.165782508,-0.986079302,0.012021565,0.000000000,0.034297158,-0.017948276,-0.999250501,0.000000000,0.322322232,0.008371006,0.292706410,1.000000000,0.985668980,-0.165084904,0.034414858,0.000000000,-0.165596777,-0.986103599,0.012575634,0.000000000,0.031861181,-0.018094750,-0.999328497,0.000000000,0.321582183,0.008489080,0.291811041,1.000000000,0.119912379,0.332292915,-0.785806234,0.070562743,0.074932078,0.058616493
1774904061.000000000,298840522.000000000,0.985509277,-0.165382921,0.037425942,0.000000000,-0.165927019,-0.986056351,0.011909838,0.000000000,0.034935077,-0.017947577,-0.999228415,0.000000000,0.322503607,0.008309073,0.292908173,1.000000000,0.985668980,-0.165084904,0.034414858,0.000000000,-0.165596777,-0.986103599,0.012575634,0.000000000,0.031861181,-0.018094750,-0.999328497,0.000000000,0.321582183,0.008489080,0.291811041,1.000000000,0.445916450,0.234202710,-0.864744559,0.039635904,0.014418628,0.062374835
1774904061.000000000,332360506.000000000,0.985451818,-0.165535767,0.038254021,0.000000000,-0.166090347,-0.986030380,0.011782779,0.000000000,0.035769844,-0.017965331,-0.999198561,0.000000000,0.322722200,0.008241199,0.293142541,1.000000000,0.985668980,-0.165084904,0.034414858,0.000000000,-0.165596777,-0.986103599,0.012575634,0.000000000,0.031861181,-0.018094750,-0.999328497,0.000000000,0.321582183,0.008489080,0.291811041,1.000000000,0.508268169,0.214497126,-1.028302798,0.045784730,-0.000335862,0.042415049
1774904061.000000000,366640806.000000000,0.985385739,-0.165678128,0.039324932,0.000000000,-0.166246071,-0.986006096,0.011617665,0.000000000,0.036850540,-0.017985843,-0.999158920,0.000000000,0.323003860,0.008166874,0.293425175,1.000000000,0.985668980,-0.165084904,0.034414858,0.000000000,-0.165596777,-0.986103599,0.012575634,0.000000000,0.031861181,-0.018094750,-0.999328497,0.000000000,0.321582183,0.008489080,0.291811041,1.000000000,0.508268169,0.214497126,-1.028302798,0.045784730,-0.000335862,0.042415049
1774904061.000000000,401490211.000000000,0.985328381,-0.165778423,0.040326712,0.000000000,-0.166359313,-0.985988619,0.011479107,0.000000000,0.037859420,-0.018019761,-0.999120590,0.000000000,0.323269075,0.008089581,0.293686722,1.000000000,0.985668980,-0.165084904,0.034414858,0.000000000,-0.165596777,-0.986103599,0.012575634,0.000000000,0.031861181,-0.018094750,-0.999328497,0.000000000,0.321582183,0.008489080,0.291811041,1.000000000,0.739839476,0.269085239,-0.958272227,0.013478286,-0.039625662,0.037755408
1774904061.000000000,434366226.000000000,0.985262301,-0.165882955,0.041494462,0.000000000,-0.166480383,-0.985969585,0.011358077,0.000000000,0.039028917,-0.018099047,-0.999074155,0.000000000,0.323551586,0.008003717,0.293952186,1.000000000,0.985668980,-0.165084904,0.034414858,0.000000000,-0.165596777,-0.986103599,0.012575634,0.000000000,0.031861181,-0.018094750,-0.999328497,0.000000000,0.321582183,0.008489080,0.291811041,1.000000000,0.739839476,0.269085239,-0.958272227,0.013478286,-0.039625662,0.037755408
1774904061.000000000,468663454.000000000,0.985163156,-0.166015911,0.043278395,0.000000000,-0.166638360,-0.985945050,0.011169688,0.000000000,0.040816559,-0.018216157,-0.999000591,0.000000000,0.323975542,0.007886665,0.294272241,1.000000000,0.985668980,-0.165084904,0.034414858,0.000000000,-0.165596777,-0.986103599,0.012575634,0.000000000,0.031861181,-0.018094750,-0.999328497,0.000000000,0.321582183,0.008489080,0.291811041,1.000000000,0.851442404,0.405791715,-1.103827939,0.015086141,-0.065565490,0.035300057
1774904061.000000000,502646446.000000000,0.985056190,-0.166188850,0.045014617,0.000000000,-0.166835278,-0.985913887,0.010979293,0.000000000,0.042556719,-0.018325600,-0.998925972,0.000000000,0.324387028,0.007750556,0.294589904,1.000000000,0.985668980,-0.165084904,0.034414858,0.000000000,-0.165596777,-0.986103599,0.012575634,0.000000000,0.031861181,-0.018094750,-0.999328497,0.000000000,0.321582183,0.008489080,0.291811041,1.000000000,1.064646947,0.295979387,-1.104420214,-0.019146318,-0.105506969,0.037719163
1774904061.000000000,536526441.000000000,0.984937548,-0.166342727,0.046998615,0.000000000,-0.167019718,-0.985884234,0.010836906,0.000000000,0.044533411,-0.018523728,-0.998836146,0.000000000,0.324851795,0.007595266,0.294935549,1.000000000,0.985668980,-0.165084904,0.034414858,0.000000000,-0.165596777,-0.986103599,0.012575634,0.000000000,0.031861181,-0.018094750,-0.999328497,0.000000000,0.321582183,0.008489080,0.291811041,1.000000000,1.064646947,0.295979387,-1.104420214,-0.019146318,-0.105506969,0.037719163
1774904061.000000000,570273160.000000000,0.984816517,-0.166428508,0.049180556,0.000000000,-0.167138314,-0.985866043,0.010661890,0.000000000,0.046711897,-0.018720321,-0.998732971,0.000000000,0.325376772,0.007419857,0.295328989,1.000000000,0.985668980,-0.165084904,0.034414858,0.000000000,-0.165596777,-0.986103599,0.012575634,0.000000000,0.031861181,-0.018094750,-0.999328497,0.000000000,0.321582183,0.008489080,0.291811041,1.000000000,1.171997853,0.391660810,-1.009267317,-0.022161545,-0.123149851,0.031083812
1774904061.000000000,604835748.000000000,0.984660222,-0.166699330,0.051345177,0.000000000,-0.167440338,-0.985817010,0.010454827,0.000000000,0.048875077,-0.018892070,-0.998626215,0.000000000,0.325929871,0.007230001,0.295765522,1.000000000,0.985668980,-0.165084904,0.034414858,0.000000000,-0.165596777,-0.986103599,0.012575634,0.000000000,0.031861181,-0.018094750,-0.999328497,0.000000000,0.321582183,0.008489080,0.291811041,1.000000000,1.276296173,0.544590137,-1.348568008,-0.014504933,-0.158267572,0.015403707
1774904061.000000000,638558387.000000000,0.984506639,-0.166960208,0.053401441,0.000000000,-0.167727655,-0.985770878,0.010195961,0.000000000,0.050940247,-0.018995255,-0.998521042,0.000000000,0.326539351,0.007036540,0.296300654,1.000000000,0.985668980,-0.165084904,0.034414858,0.000000000,-0.165596777,-0.986103599,0.012575634,0.000000000,0.031861181,-0.018094750,-0.999328497,0.000000000,0.321582183,0.008489080,0.291811041,1.000000000,1.454077698,0.467019978,-1.222908282,-0.040792360,-0.193906095,0.009576796
1774904061.000000000,672170162.000000000,0.984337896,-0.167179667,0.055772872,0.000000000,-0.167976749,-0.985731578,0.009890165,0.000000000,0.053324673,-0.019104178,-0.998394466,0.000000000,0.327313518,0.006816814,0.296996496,1.000000000,0.985668980,-0.165084904,0.034414858,0.000000000,-0.165596777,-0.986103599,0.012575634,0.000000000,0.031861181,-0.018094750,-0.999328497,0.000000000,0.321582183,0.008489080,0.291811041,1.000000000,1.658099474,0.441685304,-1.097320055,-0.053273335,-0.233329061,0.001777562
1774904061.000000000,706526517.000000000,0.984176439,-0.167365663,0.058019116,0.000000000,-0.168188521,-0.985698656,0.009567044,0.000000000,0.055589240,-0.019174178,-0.998269596,0.000000000,0.328158307,0.006566485,0.297724495,1.000000000,0.985668980,-0.165084904,0.034414858,0.000000000,-0.165596777,-0.986103599,0.012575634,0.000000000,0.031861181,-0.018094750,-0.999328497,0.000000000,0.321582183,0.008489080,0.291811041,1.000000000,1.841545170,0.508927096,-1.405865833,-0.066558045,-0.277296420,0.005308446
1774904061.000000000,740675210.000000000,0.983999714,-0.167700655,0.060014990,0.000000000,-0.168541595,-0.985641847,0.009199323,0.000000000,0.057611663,-0.019167522,-0.998155049,0.000000000,0.329134438,0.006281280,0.298559860,1.000000000,0.985668980,-0.165084904,0.034414858,0.000000000,-0.165596777,-0.986103599,0.012575634,0.000000000,0.031861181,-0.018094750,-0.999328497,0.000000000,0.321582183,0.008489080,0.291811041,1.000000000,1.885424238,0.570415172,-1.064942100,-0.063123975,-0.284641879,-0.009693622
1774904061.000000000,776126146.000000000,0.983838269,-0.167964880,0.061893515,0.000000000,-0.168819891,-0.985597720,0.008816222,0.000000000,0.059522438,-0.019122962,-0.998043782,0.000000000,0.330280239,0.005945475,0.299471052,1.000000000,0.985668980,-0.165084904,0.034414858,0.000000000,-0.165596777,-0.986103599,0.012575634,0.000000000,0.031861181,-0.018094750,-0.999328497,0.000000000,0.321582183,0.008489080,0.291811041,1.000000000,2.089249821,0.611344281,-1.079341105,-0.070483743,-0.325257165,-0.019752599
1774904061.000000000,808969974.000000000,0.983691136,-0.168131457,0.063751932,0.000000000,-0.168996437,-0.985571198,0.008388386,0.000000000,0.061422899,-0.019025796,-0.997930482,0.000000000,0.331606062,0.005593927,0.300403254,1.000000000,0.985668980,-0.165084904,0.034414858,0.000000000,-0.165596777,-0.986103599,0.012575634,0.000000000,0.031861181,-0.018094750,-0.999328497,0.000000000,0.321582183,0.008489080,0.291811041,1.000000000,1.920272900,0.715909123,-1.366994962,-0.078981315,-0.305392305,-0.030788800
1774904061.000000000,842851400.000000000,0.983568487,-0.168253404,0.065303671,0.000000000,-0.169133737,-0.985549606,0.008154788,0.000000000,0.062989149,-0.019066214,-0.997832073,0.000000000,0.333084777,0.005202322,0.301360873,1.000000000,0.985668980,-0.165084904,0.034414858,0.000000000,-0.165596777,-0.986103599,0.012575634,0.000000000,0.031861181,-0.018094750,-0.999328497,0.000000000,0.321582183,0.008489080,0.291811041,1.000000000,1.993649875,0.746143528,-1.100945702,-0.092798131,-0.308570752,-0.055283876
1774904061.000000000,876588106.000000000,0.983420294,-0.168486344,0.066915052,0.000000000,-0.169382799,-0.985508776,0.007916170,0.000000000,0.064612849,-0.019119549,-0.997727229,0.000000000,0.334843511,0.004735726,0.302374497,1.000000000,0.985668980,-0.165084904,0.034414858,0.000000000,-0.165596777,-0.986103599,0.012575634,0.000000000,0.031861181,-0.018094750,-0.999328497,0.000000000,0.321582183,0.008489080,0.291811041,1.000000000,1.770712959,0.765893988,-1.355368526,-0.121931380,-0.267380419,-0.060646921
1774904061.000000000,911344528.000000000,0.983294752,-0.168654770,0.068320906,0.000000000,-0.169550444,-0.985483293,0.007488242,0.000000000,0.066067456,-0.018947354,-0.997635248,0.000000000,0.336795294,0.004258979,0.303343700,1.000000000,0.985668980,-0.165084904,0.034414858,0.000000000,-0.165596777,-0.986103599,0.012575634,0.000000000,0.031861181,-0.018094750,-0.999328497,0.000000000,0.321582183,0.008489080,0.291811041,1.000000000,1.770712959,0.765893988,-1.355368526,-0.121931380,-0.267380419,-0.060646921
1774904061.000000000,945339679.000000000,0.983151965,-0.168965586,0.069595909,0.000000000,-0.169853857,-0.985434586,0.007006462,0.000000000,0.067399662,-0.018709911,-0.997550613,0.000000000,0.338830844,0.003821957,0.304359434,1.000000000,0.985668980,-0.165084904,0.034414858,0.000000000,-0.165596777,-0.986103599,0.012575634,0.000000000,0.031861181,-0.018094750,-0.999328497,0.000000000,0.321582183,0.008489080,0.291811041,1.000000000,1.154798839,0.829787304,-1.779153341,-0.148938591,-0.153757251,-0.066805395
1774904061.000000000,979175090.000000000,0.982984964,-0.169395343,0.070897991,0.000000000,-0.170260010,-0.985369318,0.006291525,0.000000000,0.068796275,-0.018255918,-0.997463681,0.000000000,0.341588545,0.003261919,0.305701863,1.000000000,0.985668980,-0.165084904,0.034414858,0.000000000,-0.165596777,-0.986103599,0.012575634,0.000000000,0.031861181,-0.018094750,-0.999328497,0.000000000,0.321582183,0.008489080,0.291811041,1.000000000,1.394322875,0.923521653,-1.154597304,-0.145122963,-0.182104338,-0.092623432
1774904062.000000000,13380289.000000000,0.982886693,-0.169569863,0.071837018,0.000000000,-0.170445577,-0.985337843,0.006195786,0.000000000,0.069734456,-0.018334411,-0.997397090,0.000000000,0.344284521,0.002617477,0.306877984,1.000000000,0.985668980,-0.165084904,0.034414858,0.000000000,-0.165596777,-0.986103599,0.012575634,0.000000000,0.031861181,-0.018094750,-0.999328497,0.000000000,0.321582183,0.008489080,0.291811041,1.000000000,2.150398966,1.057359566,-0.704901344,-0.153215921,-0.314091344,-0.104607742
1774904062.000000000,47922611.000000000,0.982780824,-0.169783924,0.072773747,0.000000000,-0.170676317,-0.985298008,0.006178730,0.000000000,0.070656139,-0.018493449,-0.997329285,0.000000000,0.347332955,0.001890834,0.308022578,1.000000000,0.985668980,-0.165084904,0.034414858,0.000000000,-0.165596777,-0.986103599,0.012575634,0.000000000,0.031861181,-0.018094750,-0.999328497,0.000000000,0.321582183,0.008489080,0.291811041,1.000000000,0.569734891,1.205479480,-1.676552495,-0.187939530,-0.034160829,-0.122125158
1774904062.000000000,81796646.000000000,0.982686687,-0.169948535,0.073655401,0.000000000,-0.170847517,-0.985269227,0.006035115,0.000000000,0.071546119,-0.018514826,-0.997265438,0.000000000,0.350650515,0.001155200,0.309360225,1.000000000,0.985668980,-0.165084904,0.034414858,0.000000000,-0.165596777,-0.986103599,0.012575634,0.000000000,0.031861181,-0.018094750,-0.999328497,0.000000000,0.321582183,0.008489080,0.291811041,1.000000000,0.569734891,1.205479480,-1.676552495,-0.187939530,-0.034160829,-0.122125158
1774904062.000000000,116263151.000000000,0.982639563,-0.170030625,0.074093341,0.000000000,-0.170950757,-0.985250220,0.006211978,0.000000000,0.071945639,-0.018770810,-0.997231910,0.000000000,0.354203363,0.000270420,0.310473103,1.000000000,0.985668980,-0.165084904,0.034414858,0.000000000,-0.165596777,-0.986103599,0.012575634,0.000000000,0.031861181,-0.018094750,-0.999328497,0.000000000,0.321582183,0.008489080,0.291811041,1.000000000,0.562762598,1.344751240,-2.109569051,-0.170546378,-0.039985663,-0.127510635
1774904062.000000000,149360895.000000000,0.982528330,-0.170231480,0.075100410,0.000000000,-0.171138817,-0.985220267,0.005768700,0.000000000,0.073009838,-0.018520863,-0.997159236,0.000000000,0.358254568,-0.000582052,0.311830815,1.000000000,0.985668980,-0.165084904,0.034414858,0.000000000,-0.165596777,-0.986103599,0.012575634,0.000000000,0.031861181,-0.018094750,-0.999328497,0.000000000,0.321582183,0.008489080,0.291811041,1.000000000,0.562762598,1.344751240,-2.109569051,-0.170546378,-0.039985663,-0.127510635
1774904062.000000000,183585643.000000000,0.982506283,-0.170361267,0.075094543,0.000000000,-0.171231794,-0.985206944,0.005262831,0.000000000,0.073088490,-0.018029685,-0.997162476,0.000000000,0.362438755,-0.001491257,0.312911720,1.000000000,0.985668980,-0.165084904,0.034414858,0.000000000,-0.165596777,-0.986103599,0.012575634,0.000000000,0.031861181,-0.018094750,-0.999328497,0.000000000,0.321582183,0.008489080,0.291811041,1.000000000,1.948355882,0.994374266,-0.395532234,-0.183259079,-0.257750326,-0.153415083
1774904062.000000000,217696905.000000000,0.982412515,-0.170282039,0.076488073,0.000000000,-0.171149722,-0.985223139,0.004887341,0.000000000,0.074527028,-0.017892642,-0.997058461,0.000000000,0.367198414,-0.002504361,0.314330772,1.000000000,0.985668980,-0.165084904,0.034414858,0.000000000,-0.165596777,-0.986103599,0.012575634,0.000000000,0.031861181,-0.018094750,-0.999328497,0.000000000,0.321582183,0.008489080,0.291811041,1.000000000,2.782208844,1.099225363,0.819374784,-0.149099058,-0.386278919,-0.164326629
1774904062.000000000,251733779.000000000,0.982405981,-0.170356425,0.076406313,0.000000000,-0.171174369,-0.985221862,0.004238510,0.000000000,0.074556548,-0.017243072,-0.997067700,0.000000000,0.372067975,-0.003559205,0.315264851,1.000000000,0.985668980,-0.165084904,0.034414858,0.000000000,-0.165596777,-0.986103599,0.012575634,0.000000000,0.031861181,-0.018094750,-0.999328497,0.000000000,0.321582183,0.008489080,0.291811041,1.000000000,0.817790732,1.024706010,-2.849913030,-0.193444615,-0.106840209,-0.147146235
1774904062.000000000,285514354.000000000,0.982406690,-0.170030526,0.077119798,0.000000000,-0.170837284,-0.985281613,0.003938539,0.000000000,0.075316497,-0.017044512,-0.997013997,0.000000000,0.377397574,-0.004694606,0.316522565,1.000000000,0.985668980,-0.165084904,0.034414858,0.000000000,-0.165596777,-0.986103599,0.012575634,0.000000000,0.031861181,-0.018094750,-0.999328497,0.000000000,0.321582183,0.008489080,0.291811041,1.000000000,0.817790732,1.024706010,-2.849913030,-0.193444615,-0.106840209,-0.147146235
1774904062.000000000,319967985.000000000,0.982303000,-0.170006851,0.078480791,0.000000000,-0.170775369,-0.985295224,0.003137316,0.000000000,0.076794862,-0.016484699,-0.996910630,0.000000000,0.383177336,-0.005896786,0.317672759,1.000000000,0.985668980,-0.165084904,0.034414858,0.000000000,-0.165596777,-0.986103599,0.012575634,0.000000000,0.031861181,-0.018094750,-0.999328497,0.000000000,0.321582183,0.008489080,0.291811041,1.000000000,0.758586270,1.168852901,-1.120499285,-0.195375790,-0.056512859,-0.134226074
