ros_time_sec,ros_time_nsec,O_T_EE_0,O_T_EE_1,O_T_EE_2,O_T_EE_3,O_T_EE_4,O_T_EE_5,O_T_EE_6,O_T_EE_7,O_T_EE_8,O_T_EE_9,O_T_EE_10,O_T_EE_11,O_T_EE_12,O_T_EE_13,O_T_EE_14,O_T_EE_15,O_T_EE_d_0,O_T_EE_d_1,O_T_EE_d_2,O_T_EE_d_3,O_T_EE_d_4,O_T_EE_d_5,O_T_EE_d_6,O_T_EE_d_7,O_T_EE_d_8,O_T_EE_d_9,O_T_EE_d_10,O_T_EE_d_11,O_T_EE_d_12,O_T_EE_d_13,O_T_EE_d_14,O_T_EE_d_15,F_ext_x,F_ext_y,F_ext_z,F_ext_wx,F_ext_wy,F_ext_wz
1774925856.000000000,731035947.000000000,0.977829124,-0.199561812,0.063293244,0.000000000,-0.197670448,-0.979636572,-0.034918874,0.000000000,0.068974178,0.021633905,-0.997383846,0.000000000,0.447429473,-0.001602507,0.219912027,1.000000000,0.977438450,-0.200754145,0.065517910,0.000000000,-0.198880683,-0.979422880,-0.034030032,0.000000000,0.071002777,0.020232404,-0.997270904,0.000000000,0.447657384,-0.002154692,0.220813070,1.000000000,-1.450887310,0.134608841,-1.136976322,-0.000421230,0.306026351,0.111921810
1774925856.000000000,764995098.000000000,0.977829528,-0.199561809,0.063287013,0.000000000,-0.197670559,-0.979636539,-0.034919184,0.000000000,0.068968134,0.021635446,-0.997384231,0.000000000,0.447428384,-0.001602363,0.219909208,1.000000000,0.977438450,-0.200754145,0.065517910,0.000000000,-0.198880683,-0.979422880,-0.034030032,0.000000000,0.071002777,0.020232404,-0.997270904,0.000000000,0.447657384,-0.002154692,0.220813070,1.000000000,-1.442433256,0.133322667,-1.123139320,-0.001455981,0.304849657,0.114032621
1774925856.000000000,798691272.000000000,0.977828820,-0.199564026,0.063290960,0.000000000,-0.197672725,-0.979636117,-0.034918739,0.000000000,0.068971963,0.021634069,-0.997383996,0.000000000,0.447429310,-0.001604051,0.219910830,1.000000000,0.977438450,-0.200754145,0.065517910,0.000000000,-0.198880683,-0.979422880,-0.034030032,0.000000000,0.071002777,0.020232404,-0.997270904,0.000000000,0.447657384,-0.002154692,0.220813070,1.000000000,-1.442433256,0.133322667,-1.123139320,-0.001455981,0.304849657,0.114032621
1774925856.000000000,832913637.000000000,0.977829570,-0.199560559,0.063290297,0.000000000,-0.197669219,-0.979636801,-0.034919414,0.000000000,0.068971370,0.021635109,-0.997384014,0.000000000,0.447429174,-0.001602040,0.219910823,1.000000000,0.977438450,-0.200754145,0.065517910,0.000000000,-0.198880683,-0.979422880,-0.034030032,0.000000000,0.071002777,0.020232404,-0.997270904,0.000000000,0.447657384,-0.002154692,0.220813070,1.000000000,-1.395827869,0.142875091,-1.053378885,0.002992006,0.299572252,0.113465905
1774925856.000000000,867226839.000000000,0.977830198,-0.199556966,0.063291924,0.000000000,-0.197665494,-0.979637506,-0.034920711,0.000000000,0.068973142,0.021636313,-0.997383866,0.000000000,0.447429559,-0.001601530,0.219911000,1.000000000,0.977438450,-0.200754145,0.065517910,0.000000000,-0.198880683,-0.979422880,-0.034030032,0.000000000,0.071002777,0.020232404,-0.997270904,0.000000000,0.447657384,-0.002154692,0.220813070,1.000000000,-1.460196279,0.126099431,-1.132851136,-0.000575168,0.307568996,0.113198552
1774925856.000000000,901733636.000000000,0.977829557,-0.199559628,0.063293435,0.000000000,-0.197668407,-0.979637062,-0.034916679,0.000000000,0.068973883,0.021631865,-0.997383911,0.000000000,0.447429105,-0.001602178,0.219911559,1.000000000,0.977438450,-0.200754145,0.065517910,0.000000000,-0.198880683,-0.979422880,-0.034030032,0.000000000,0.071002777,0.020232404,-0.997270904,0.000000000,0.447657384,-0.002154692,0.220813070,1.000000000,-1.448838447,0.155454198,-1.136230701,0.006573624,0.304628459,0.110358793
1774925856.000000000,934386014.000000000,0.977829802,-0.199558599,0.063292890,0.000000000,-0.197667336,-0.979637251,-0.034917443,0.000000000,0.068973476,0.021632796,-0.997383919,0.000000000,0.447429342,-0.001602957,0.219912043,1.000000000,0.977438450,-0.200754145,0.065517910,0.000000000,-0.198880683,-0.979422880,-0.034030032,0.000000000,0.071002777,0.020232404,-0.997270904,0.000000000,0.447657384,-0.002154692,0.220813070,1.000000000,-1.451600095,0.152670509,-1.136277248,0.007285200,0.304686397,0.111637729
1774925856.000000000,968608617.000000000,0.977829812,-0.199559034,0.063291376,0.000000000,-0.197667635,-0.979637103,-0.034919890,0.000000000,0.068972488,0.021635469,-0.997383929,0.000000000,0.447429687,-0.001601540,0.219911270,1.000000000,0.977438450,-0.200754145,0.065517910,0.000000000,-0.198880683,-0.979422880,-0.034030032,0.000000000,0.071002777,0.020232404,-0.997270904,0.000000000,0.447657384,-0.002154692,0.220813070,1.000000000,-1.451600095,0.152670509,-1.136277248,0.007285200,0.304686397,0.111637729
1774925857.000000000,2919197.000000000,0.977829848,-0.199558913,0.063291189,0.000000000,-0.197667710,-0.979637187,-0.034917110,0.000000000,0.068971751,0.021632784,-0.997384038,0.000000000,0.447428811,-0.001601951,0.219910796,1.000000000,0.977438450,-0.200754145,0.065517910,0.000000000,-0.198880683,-0.979422880,-0.034030032,0.000000000,0.071002777,0.020232404,-0.997270904,0.000000000,0.447657384,-0.002154692,0.220813070,1.000000000,-1.454468830,0.136691059,-1.129276311,0.003330449,0.306121676,0.112592331
1774925857.000000000,36407232.000000000,0.977828824,-0.199564827,0.063288370,0.000000000,-0.197673654,-0.979635966,-0.034917719,0.000000000,0.068969240,0.021633525,-0.997384196,0.000000000,0.447427756,-0.001603393,0.219909993,1.000000000,0.977438450,-0.200754145,0.065517910,0.000000000,-0.198880683,-0.979422880,-0.034030032,0.000000000,0.071002777,0.020232404,-0.997270904,0.000000000,0.447657384,-0.002154692,0.220813070,1.000000000,-1.466332801,0.142820214,-1.126380795,0.005552864,0.308164191,0.112181076
1774925857.000000000,71033239.000000000,0.977828303,-0.199567318,0.063288564,0.000000000,-0.197676092,-0.979635447,-0.034918488,0.000000000,0.068969638,0.021634066,-0.997384157,0.000000000,0.447427786,-0.001603777,0.219909855,1.000000000,0.977438450,-0.200754145,0.065517910,0.000000000,-0.198880683,-0.979422880,-0.034030032,0.000000000,0.071002777,0.020232404,-0.997270904,0.000000000,0.447657384,-0.002154692,0.220813070,1.000000000,-1.454235065,0.137014357,-1.130158813,0.002627889,0.306571058,0.113870881
1774925857.000000000,105100870.000000000,0.977829918,-0.199557542,0.063294435,0.000000000,-0.197666369,-0.979637511,-0.034915624,0.000000000,0.068974607,0.021630777,-0.997383885,0.000000000,0.447429418,-0.001602821,0.219912618,1.000000000,0.977438450,-0.200754145,0.065517910,0.000000000,-0.198880683,-0.979422880,-0.034030032,0.000000000,0.071002777,0.020232404,-0.997270904,0.000000000,0.447657384,-0.002154692,0.220813070,1.000000000,-1.447234230,0.128242128,-1.116528275,-0.000367157,0.305296696,0.113162202
1774925857.000000000,138727903.000000000,0.977830016,-0.199557092,0.063294344,0.000000000,-0.197665772,-0.979637555,-0.034917755,0.000000000,0.068974930,0.021632920,-0.997383816,0.000000000,0.447429695,-0.001602752,0.219912113,1.000000000,0.977438450,-0.200754145,0.065517910,0.000000000,-0.198880683,-0.979422880,-0.034030032,0.000000000,0.071002777,0.020232404,-0.997270904,0.000000000,0.447657384,-0.002154692,0.220813070,1.000000000,-1.458526131,0.120992482,-1.116709690,0.002154951,0.308686691,0.111666055
1774925857.000000000,172993183.000000000,0.977829780,-0.199560135,0.063288394,0.000000000,-0.197669002,-0.979636931,-0.034917000,0.000000000,0.068969017,0.021633145,-0.997384220,0.000000000,0.447427736,-0.001602074,0.219910446,1.000000000,0.977438450,-0.200754145,0.065517910,0.000000000,-0.198880683,-0.979422880,-0.034030032,0.000000000,0.071002777,0.020232404,-0.997270904,0.000000000,0.447657384,-0.002154692,0.220813070,1.000000000,-1.531917093,0.116373528,-1.286915880,0.002851166,0.314154530,0.110738015
1774925857.000000000,206772327.000000000,0.977831874,-0.199550084,0.063287737,0.000000000,-0.197658960,-0.979638963,-0.034916813,0.000000000,0.068968114,0.021633801,-0.997384268,0.000000000,0.447427558,-0.001600391,0.219909077,1.000000000,0.977438450,-0.200754145,0.065517910,0.000000000,-0.198880683,-0.979422880,-0.034030032,0.000000000,0.071002777,0.020232404,-0.997270904,0.000000000,0.447657384,-0.002154692,0.220813070,1.000000000,-1.531917093,0.116373528,-1.286915880,0.002851166,0.314154530,0.110738015
1774925857.000000000,240802049.000000000,0.977829097,-0.199562748,0.063290707,0.000000000,-0.197671440,-0.979636371,-0.034918892,0.000000000,0.068971717,0.021634360,-0.997384007,0.000000000,0.447428624,-0.001602526,0.219910740,1.000000000,0.977438450,-0.200754145,0.065517910,0.000000000,-0.198880683,-0.979422880,-0.034030032,0.000000000,0.071002777,0.020232404,-0.997270904,0.000000000,0.447657384,-0.002154692,0.220813070,1.000000000,-1.423041701,0.134702519,-1.117839698,0.007691527,0.299677402,0.108635175
1774925857.000000000,275162935.000000000,0.977829372,-0.199561383,0.063290760,0.000000000,-0.197670169,-0.979636678,-0.034917469,0.000000000,0.068971456,0.021633048,-0.997384053,0.000000000,0.447427945,-0.001602743,0.219910451,1.000000000,0.977438450,-0.200754145,0.065517910,0.000000000,-0.198880683,-0.979422880,-0.034030032,0.000000000,0.071002777,0.020232404,-0.997270904,0.000000000,0.447657384,-0.002154692,0.220813070,1.000000000,-1.451234748,0.134968074,-1.130629617,0.004520052,0.304198599,0.111377862
1774925857.000000000,309184551.000000000,0.977830803,-0.199555426,0.063287430,0.000000000,-0.197664277,-0.979637869,-0.034917416,0.000000000,0.068968051,0.021634078,-0.997384266,0.000000000,0.447427373,-0.001602294,0.219909498,1.000000000,0.977438450,-0.200754145,0.065517910,0.000000000,-0.198880683,-0.979422880,-0.034030032,0.000000000,0.071002777,0.020232404,-0.997270904,0.000000000,0.447657384,-0.002154692,0.220813070,1.000000000,-1.451234748,0.134968074,-1.130629617,0.004520052,0.304198599,0.111377862
1774925857.000000000,342570781.000000000,0.977829561,-0.199561298,0.063288101,0.000000000,-0.197670013,-0.979636643,-0.034919329,0.000000000,0.068969218,0.021635409,-0.997384157,0.000000000,0.447427336,-0.001602574,0.219909376,1.000000000,0.977438450,-0.200754145,0.065517910,0.000000000,-0.198880683,-0.979422880,-0.034030032,0.000000000,0.071002777,0.020232404,-0.997270904,0.000000000,0.447657384,-0.002154692,0.220813070,1.000000000,-1.420201252,0.156463244,-1.102700521,0.004300062,0.301023733,0.112276992
1774925857.000000000,377531766.000000000,0.977829042,-0.199564294,0.063286684,0.000000000,-0.197672968,-0.979636007,-0.034920455,0.000000000,0.068968118,0.021636585,-0.997384207,0.000000000,0.447428264,-0.001603854,0.219909314,1.000000000,0.977438450,-0.200754145,0.065517910,0.000000000,-0.198880683,-0.979422880,-0.034030032,0.000000000,0.071002777,0.020232404,-0.997270904,0.000000000,0.447657384,-0.002154692,0.220813070,1.000000000,-1.445193574,0.143968634,-1.116303859,0.005157517,0.305164304,0.111184886
1774925857.000000000,410902261.000000000,0.977829572,-0.199561131,0.063288471,0.000000000,-0.197669892,-0.979636696,-0.034918551,0.000000000,0.068969422,0.021634584,-0.997384161,0.000000000,0.447428712,-0.001602167,0.219910282,1.000000000,0.977438450,-0.200754145,0.065517910,0.000000000,-0.198880683,-0.979422880,-0.034030032,0.000000000,0.071002777,0.020232404,-0.997270904,0.000000000,0.447657384,-0.002154692,0.220813070,1.000000000,-1.464938294,0.142590796,-1.122781296,0.008388802,0.310157006,0.110388238
1774925857.000000000,445350885.000000000,0.977829027,-0.199563285,0.063290089,0.000000000,-0.197671869,-0.979636222,-0.034920639,0.000000000,0.068971470,0.021636161,-0.997383985,0.000000000,0.447429252,-0.001603830,0.219910589,1.000000000,0.977438450,-0.200754145,0.065517910,0.000000000,-0.198880683,-0.979422880,-0.034030032,0.000000000,0.071002777,0.020232404,-0.997270904,0.000000000,0.447657384,-0.002154692,0.220813070,1.000000000,-1.437505534,0.138142358,-1.109776350,0.006407163,0.307083047,0.109789271
1774925857.000000000,478734731.000000000,0.977829910,-0.199557992,0.063293136,0.000000000,-0.197666610,-0.979637340,-0.034919063,0.000000000,0.068974026,0.021634381,-0.997383847,0.000000000,0.447429859,-0.001602484,0.219910673,1.000000000,0.977438450,-0.200754145,0.065517910,0.000000000,-0.198880683,-0.979422880,-0.034030032,0.000000000,0.071002777,0.020232404,-0.997270904,0.000000000,0.447657384,-0.002154692,0.220813070,1.000000000,-1.437505534,0.138142358,-1.109776350,0.006407163,0.307083047,0.109789271
1774925857.000000000,513425827.000000000,0.977829113,-0.199562691,0.063290641,0.000000000,-0.197671181,-0.979636319,-0.034921833,0.000000000,0.068972234,0.021637266,-0.997383908,0.000000000,0.447429195,-0.001602599,0.219909541,1.000000000,0.977438450,-0.200754145,0.065517910,0.000000000,-0.198880683,-0.979422880,-0.034030032,0.000000000,0.071002777,0.020232404,-0.997270904,0.000000000,0.447657384,-0.002154692,0.220813070,1.000000000,-1.419816937,0.126708484,-1.111063965,0.005594295,0.308278999,0.108569823
1774925857.000000000,546482086.000000000,0.977828892,-0.199562937,0.063293278,0.000000000,-0.197671307,-0.979636261,-0.034922730,0.000000000,0.068975001,0.021637606,-0.997383709,0.000000000,0.447430246,-0.001603689,0.219908160,1.000000000,0.977438450,-0.200754145,0.065517910,0.000000000,-0.198880683,-0.979422880,-0.034030032,0.000000000,0.071002777,0.020232404,-0.997270904,0.000000000,0.447657384,-0.002154692,0.220813070,1.000000000,-1.419816937,0.126708484,-1.111063965,0.005594295,0.308278999,0.108569823
1774925857.000000000,581237554.000000000,0.977827423,-0.199567993,0.063300038,0.000000000,-0.197675784,-0.979635130,-0.034929116,0.000000000,0.068983003,0.021642179,-0.997383056,0.000000000,0.447432187,-0.001604305,0.219906421,1.000000000,0.977438450,-0.200754145,0.065517910,0.000000000,-0.198880683,-0.979422880,-0.034030032,0.000000000,0.071002777,0.020232404,-0.997270904,0.000000000,0.447657384,-0.002154692,0.220813070,1.000000000,-1.398959968,0.123862139,-1.168021631,0.001300142,0.305601238,0.110753913
1774925857.000000000,614958524.000000000,0.977824222,-0.199578398,0.063316676,0.000000000,-0.197685334,-0.979632939,-0.034936529,0.000000000,0.069001006,0.021645423,-0.997381741,0.000000000,0.447439605,-0.001609543,0.219908052,1.000000000,0.977438450,-0.200754145,0.065517910,0.000000000,-0.198880683,-0.979422880,-0.034030032,0.000000000,0.071002777,0.020232404,-0.997270904,0.000000000,0.447657384,-0.002154692,0.220813070,1.000000000,-1.248936807,0.125367357,-1.021264608,-0.005682132,0.285014943,0.113434677
1774925857.000000000,648642301.000000000,0.977815316,-0.199603685,0.063374472,0.000000000,-0.197707713,-0.979627547,-0.034961065,0.000000000,0.069063066,0.021656260,-0.997377210,0.000000000,0.447458110,-0.001620317,0.219908567,1.000000000,0.977438450,-0.200754145,0.065517910,0.000000000,-0.198880683,-0.979422880,-0.034030032,0.000000000,0.071002777,0.020232404,-0.997270904,0.000000000,0.447657384,-0.002154692,0.220813070,1.000000000,-1.248936807,0.125367357,-1.021264608,-0.005682132,0.285014943,0.113434677
1774925857.000000000,683650970.000000000,0.977783763,-0.199674725,0.063636975,0.000000000,-0.197767648,-0.979612605,-0.035040683,0.000000000,0.069337656,0.021677293,-0.997357701,0.000000000,0.447531299,-0.001648529,0.219910782,1.000000000,0.977438450,-0.200754145,0.065517910,0.000000000,-0.198880683,-0.979422880,-0.034030032,0.000000000,0.071002777,0.020232404,-0.997270904,0.000000000,0.447657384,-0.002154692,0.220813070,1.000000000,-1.226832557,0.072118934,-1.092037297,-0.014873122,0.286501005,0.112351171
1774925857.000000000,717087984.000000000,0.977709347,-0.199818426,0.064325545,0.000000000,-0.197884249,-0.979582710,-0.035217672,0.000000000,0.070050680,0.021704053,-0.997307293,0.000000000,0.447719418,-0.001714169,0.219934413,1.000000000,0.977438450,-0.200754145,0.065517910,0.000000000,-0.198880683,-0.979422880,-0.034030032,0.000000000,0.071002777,0.020232404,-0.997270904,0.000000000,0.447657384,-0.002154692,0.220813070,1.000000000,-0.959988110,0.116475571,-0.876179886,-0.009740659,0.285678274,0.105232395
1774925857.000000000,750699996.000000000,0.977606290,-0.200051908,0.065160749,0.000000000,-0.198078408,-0.979532478,-0.035522052,0.000000000,0.070934690,0.021820064,-0.997242275,0.000000000,0.447973701,-0.001810061,0.219926861,1.000000000,0.977438450,-0.200754145,0.065517910,0.000000000,-0.198880683,-0.979422880,-0.034030032,0.000000000,0.071002777,0.020232404,-0.997270904,0.000000000,0.447657384,-0.002154692,0.220813070,1.000000000,-0.959988110,0.116475571,-0.876179886,-0.009740659,0.285678274,0.105232395
1774925857.000000000,785120248.000000000,0.977448648,-0.200314945,0.066699399,0.000000000,-0.198272407,-0.979475102,-0.036018400,0.000000000,0.072546821,0.021981909,-0.997122738,0.000000000,0.448405210,-0.001949253,0.219876264,1.000000000,0.977438450,-0.200754145,0.065517910,0.000000000,-0.198880683,-0.979422880,-0.034030032,0.000000000,0.071002777,0.020232404,-0.997270904,0.000000000,0.447657384,-0.002154692,0.220813070,1.000000000,-0.497302959,0.144683353,-0.476640985,0.003476714,0.244281104,0.085316892
1774925857.000000000,818893194.000000000,0.977265319,-0.200552837,0.068642573,0.000000000,-0.198418933,-0.979420933,-0.036678478,0.000000000,0.074587382,0.022225046,-0.996966785,0.000000000,0.448940505,-0.002155007,0.219756255,1.000000000,0.977438450,-0.200754145,0.065517910,0.000000000,-0.198880683,-0.979422880,-0.034030032,0.000000000,0.071002777,0.020232404,-0.997270904,0.000000000,0.447657384,-0.002154692,0.220813070,1.000000000,-0.461065295,0.146000047,-0.822368014,0.009014678,0.228013998,0.072746619
1774925857.000000000,852746963.000000000,0.977002047,-0.200903250,0.071313619,0.000000000,-0.198641216,-0.979341653,-0.037581126,0.000000000,0.077392058,0.022551447,-0.996745655,0.000000000,0.449676122,-0.002463994,0.219588813,1.000000000,0.977438450,-0.200754145,0.065517910,0.000000000,-0.198880683,-0.979422880,-0.034030032,0.000000000,0.071002777,0.020232404,-0.997270904,0.000000000,0.447657384,-0.002154692,0.220813070,1.000000000,-0.193134573,0.347103436,-0.369153295,0.043196184,0.202367512,0.050044716
1774925857.000000000,887039899.000000000,0.976690106,-0.201392948,0.074148934,0.000000000,-0.198973272,-0.979228082,-0.038765272,0.000000000,0.080417319,0.023108446,-0.996493379,0.000000000,0.450557510,-0.002893093,0.219265467,1.000000000,0.977438450,-0.200754145,0.065517910,0.000000000,-0.198880683,-0.979422880,-0.034030032,0.000000000,0.071002777,0.020232404,-0.997270904,0.000000000,0.447657384,-0.002154692,0.220813070,1.000000000,0.017051328,0.221561708,0.009823261,0.012354571,0.185094217,0.027625187
1774925857.000000000,921847581.000000000,0.976344452,-0.201879710,0.077310029,0.000000000,-0.199265054,-0.979109249,-0.040240070,0.000000000,0.083820232,0.023883442,-0.996194635,0.000000000,0.451634860,-0.003469985,0.218729589,1.000000000,0.977438450,-0.200754145,0.065517910,0.000000000,-0.198880683,-0.979422880,-0.034030032,0.000000000,0.071002777,0.020232404,-0.997270904,0.000000000,0.447657384,-0.002154692,0.220813070,1.000000000,0.359595135,0.345053966,-0.186518421,0.000081718,0.118636984,0.004418713
1774925857.000000000,954905271.000000000,0.975962468,-0.202389652,0.080724443,0.000000000,-0.199549586,-0.978981426,-0.041905572,0.000000000,0.087510670,0.024790214,-0.995855074,0.000000000,0.452946216,-0.004210257,0.217967650,1.000000000,0.977438450,-0.200754145,0.065517910,0.000000000,-0.198880683,-0.979422880,-0.034030032,0.000000000,0.071002777,0.020232404,-0.997270904,0.000000000,0.447657384,-0.002154692,0.220813070,1.000000000,0.359595135,0.345053966,-0.186518421,0.000081718,0.118636984,0.004418713
1774925857.000000000,988641023.000000000,0.975596270,-0.202844323,0.083945488,0.000000000,-0.199754208,-0.978857117,-0.043792100,0.000000000,0.091055370,0.025955445,-0.995507526,0.000000000,0.454517929,-0.005106652,0.216935722,1.000000000,0.977438450,-0.200754145,0.065517910,0.000000000,-0.198880683,-0.979422880,-0.034030032,0.000000000,0.071002777,0.020232404,-0.997270904,0.000000000,0.447657384,-0.002154692,0.220813070,1.000000000,1.397276148,0.478882390,0.629585387,-0.166535715,-0.044455449,-0.029366479
1774925858.000000000,22575378.000000000,0.975196549,-0.203601202,0.086712102,0.000000000,-0.200196260,-0.978646891,-0.046394695,0.000000000,0.094308360,0.027885045,-0.995152429,0.000000000,0.456321408,-0.006188208,0.215406822,1.000000000,0.977438450,-0.200754145,0.065517910,0.000000000,-0.198880683,-0.979422880,-0.034030032,0.000000000,0.071002777,0.020232404,-0.997270904,0.000000000,0.447657384,-0.002154692,0.220813070,1.000000000,1.397276148,0.478882390,0.629585387,-0.166535715,-0.044455449,-0.029366479
1774925858.000000000,57156324.000000000,0.974898837,-0.203789684,0.089569915,0.000000000,-0.200032202,-0.978543897,-0.049190517,0.000000000,0.097674494,0.030039489,-0.994764958,0.000000000,0.458473360,-0.007507538,0.213659162,1.000000000,0.977438450,-0.200754145,0.065517910,0.000000000,-0.198880683,-0.979422880,-0.034030032,0.000000000,0.071002777,0.020232404,-0.997270904,0.000000000,0.447657384,-0.002154692,0.220813070,1.000000000,0.615208502,-0.040241466,-1.389942813,-0.385269796,0.016424034,-0.036161228
1774925858.000000000,90853452.000000000,0.974561438,-0.204238964,0.092180239,0.000000000,-0.200075025,-0.978365758,-0.052451642,0.000000000,0.100900601,0.032675013,-0.994359800,0.000000000,0.460962383,-0.009075670,0.211615717,1.000000000,0.977438450,-0.200754145,0.065517910,0.000000000,-0.198880683,-0.979422880,-0.034030032,0.000000000,0.071002777,0.020232404,-0.997270904,0.000000000,0.447657384,-0.002154692,0.220813070,1.000000000,2.392949962,0.354879988,0.420457957,-0.456154749,-0.223576401,-0.050731536
1774925858.000000000,124773025.000000000,0.974404835,-0.203991097,0.094358873,0.000000000,-0.199441423,-0.978328884,-0.055465847,0.000000000,0.103630545,0.035227800,-0.993991807,0.000000000,0.463635368,-0.010972073,0.209037643,1.000000000,0.977438450,-0.200754145,0.065517910,0.000000000,-0.198880683,-0.979422880,-0.034030032,0.000000000,0.071002777,0.020232404,-0.997270904,0.000000000,0.447657384,-0.002154692,0.220813070,1.000000000,2.352504556,0.557442057,0.173893410,-0.539298804,-0.229488148,-0.087370079
1774925858.000000000,159006357.000000000,0.974257545,-0.204059706,0.095721574,0.000000000,-0.199130974,-0.978209969,-0.058590606,0.000000000,0.105593813,0.038021942,-0.993682182,0.000000000,0.466536629,-0.013176095,0.206042608,1.000000000,0.977438450,-0.200754145,0.065517910,0.000000000,-0.198880683,-0.979422880,-0.034030032,0.000000000,0.071002777,0.020232404,-0.997270904,0.000000000,0.447657384,-0.002154692,0.220813070,1.000000000,1.182962981,0.473654391,-1.749091679,-0.578501419,-0.083228848,-0.093548005
1774925858.000000000,193206787.000000000,0.974218267,-0.203425508,0.097455516,0.000000000,-0.198142111,-0.978249142,-0.061229620,0.000000000,0.107793517,0.040341749,-0.993354469,0.000000000,0.469749478,-0.015727300,0.202779414,1.000000000,0.977438450,-0.200754145,0.065517910,0.000000000,-0.198880683,-0.979422880,-0.034030032,0.000000000,0.071002777,0.020232404,-0.997270904,0.000000000,0.447657384,-0.002154692,0.220813070,1.000000000,1.182962981,0.473654391,-1.749091679,-0.578501419,-0.083228848,-0.093548005
1774925858.000000000,226676225.000000000,0.974328961,-0.202479592,0.098314991,0.000000000,-0.196861268,-0.978335010,-0.063929617,0.000000000,0.109131542,0.042934890,-0.993099643,0.000000000,0.473147627,-0.018594550,0.198967537,1.000000000,0.977438450,-0.200754145,0.065517910,0.000000000,-0.198880683,-0.979422880,-0.034030032,0.000000000,0.071002777,0.020232404,-0.997270904,0.000000000,0.447657384,-0.002154692,0.220813070,1.000000000,2.996160203,0.969036427,1.477587706,-0.524639540,-0.258649709,-0.089337401
1774925858.000000000,261031150.000000000,0.974494360,-0.201888384,0.097890597,0.000000000,-0.195959772,-0.978317175,-0.066903057,0.000000000,0.109277106,0.046014919,-0.992945689,0.000000000,0.476577344,-0.021837461,0.194690935,1.000000000,0.977438450,-0.200754145,0.065517910,0.000000000,-0.198880683,-0.979422880,-0.034030032,0.000000000,0.071002777,0.020232404,-0.997270904,0.000000000,0.447657384,-0.002154692,0.220813070,1.000000000,1.886096645,-0.167286690,-0.160818657,-0.675263775,-0.117256288,-0.033117038
1774925858.000000000,295191287.000000000,0.974705056,-0.201211934,0.097183115,0.000000000,-0.194968610,-0.978294907,-0.070050438,0.000000000,0.109170832,0.049331809,-0.992798117,0.000000000,0.480161721,-0.025279129,0.190004325,1.000000000,0.977438450,-0.200754145,0.065517910,0.000000000,-0.198880683,-0.979422880,-0.034030032,0.000000000,0.071002777,0.020232404,-0.997270904,0.000000000,0.447657384,-0.002154692,0.220813070,1.000000000,1.886096645,-0.167286690,-0.160818657,-0.675263775,-0.117256288,-0.033117038
1774925858.000000000,328780651.000000000,0.975042849,-0.199984319,0.096324775,0.000000000,-0.193441692,-0.978371974,-0.073139177,0.000000000,0.108870245,0.052681618,-0.992659013,0.000000000,0.483956894,-0.028800490,0.185076523,1.000000000,0.977438450,-0.200754145,0.065517910,0.000000000,-0.198880683,-0.979422880,-0.034030032,0.000000000,0.071002777,0.020232404,-0.997270904,0.000000000,0.447657384,-0.002154692,0.220813070,1.000000000,0.282010163,0.725978073,-2.533335307,-0.640940306,0.079686765,0.016959788
1774925858.000000000,363043308.000000000,0.975304848,-0.199429208,0.094811350,0.000000000,-0.192612186,-0.978286638,-0.076397289,0.000000000,0.107990607,0.056249908,-0.992559306,0.000000000,0.487663429,-0.032631433,0.179770665,1.000000000,0.977438450,-0.200754145,0.065517910,0.000000000,-0.198880683,-0.979422880,-0.034030032,0.000000000,0.071002777,0.020232404,-0.997270904,0.000000000,0.447657384,-0.002154692,0.220813070,1.000000000,0.282010163,0.725978073,-2.533335307,-0.640940306,0.079686765,0.016959788
1774925858.000000000,397234439.000000000,0.975628391,-0.198774675,0.092836517,0.000000000,-0.191744536,-0.978216247,-0.079421373,0.000000000,0.106603199,0.059686001,-0.992508609,0.000000000,0.491356985,-0.036702186,0.174152768,1.000000000,0.977438450,-0.200754145,0.065517910,0.000000000,-0.198880683,-0.979422880,-0.034030032,0.000000000,0.071002777,0.020232404,-0.997270904,0.000000000,0.447657384,-0.002154692,0.220813070,1.000000000,0.343678262,-0.428284087,-1.332165536,-0.827269342,0.119065015,0.052088229
1774925858.000000000,430955886.000000000,0.976120324,-0.197502208,0.090347867,0.000000000,-0.190337040,-0.978269139,-0.082109981,0.000000000,0.104603447,0.062953888,-0.992519484,0.000000000,0.494902647,-0.040707618,0.168183556,1.000000000,0.977438450,-0.200754145,0.065517910,0.000000000,-0.198880683,-0.979422880,-0.034030032,0.000000000,0.071002777,0.020232404,-0.997270904,0.000000000,0.447657384,-0.002154692,0.220813070,1.000000000,0.927650277,0.313674133,-1.951727888,-0.799608017,0.007993573,0.108268158
1774925858.000000000,465182065.000000000,0.976436462,-0.196961224,0.088084383,0.000000000,-0.189652715,-0.978165398,-0.084882557,0.000000000,0.102881649,0.066178255,-0.992489700,0.000000000,0.498379657,-0.044929599,0.161969873,1.000000000,0.977438450,-0.200754145,0.065517910,0.000000000,-0.198880683,-0.979422880,-0.034030032,0.000000000,0.071002777,0.020232404,-0.997270904,0.000000000,0.447657384,-0.002154692,0.220813070,1.000000000,0.927650277,0.313674133,-1.951727888,-0.799608017,0.007993573,0.108268158
1774925858.000000000,498864650.000000000,0.976821515,-0.196106939,0.085688643,0.000000000,-0.188708754,-0.978131988,-0.087335945,0.000000000,0.100943931,0.069142764,-0.992486575,0.000000000,0.501681060,-0.049094547,0.155533097,1.000000000,0.977438450,-0.200754145,0.065517910,0.000000000,-0.198880683,-0.979422880,-0.034030032,0.000000000,0.071002777,0.020232404,-0.997270904,0.000000000,0.447657384,-0.002154692,0.220813070,1.000000000,0.824175609,-0.283654555,-2.260596856,-0.951065581,0.018925001,0.136543983
1774925858.000000000,532610654.000000000,0.977184340,-0.195262300,0.083451460,0.000000000,-0.187779983,-0.978093015,-0.089741176,0.000000000,0.099148267,0.072024544,-0.992462637,0.000000000,0.504808216,-0.053112014,0.148940852,1.000000000,0.977438450,-0.200754145,0.065517910,0.000000000,-0.198880683,-0.979422880,-0.034030032,0.000000000,0.071002777,0.020232404,-0.997270904,0.000000000,0.447657384,-0.002154692,0.220813070,1.000000000,0.824175609,-0.283654555,-2.260596856,-0.951065581,0.018925001,0.136543983
1774925858.000000000,566503286.000000000,0.977483911,-0.194886404,0.080778963,0.000000000,-0.187382336,-0.977963102,-0.091960738,0.000000000,0.096922609,0.074755031,-0.992480576,0.000000000,0.507585687,-0.057209030,0.142181297,1.000000000,0.977438450,-0.200754145,0.065517910,0.000000000,-0.198880683,-0.979422880,-0.034030032,0.000000000,0.071002777,0.020232404,-0.997270904,0.000000000,0.447657384,-0.002154692,0.220813070,1.000000000,1.350640157,-0.927887883,-1.086483975,-1.108598479,-0.018818631,0.179679401
1774925858.000000000,600501537.000000000,0.977920238,-0.193677915,0.078368490,0.000000000,-0.186192965,-0.978028255,-0.093667814,0.000000000,0.094789809,0.077009472,-0.992514198,0.000000000,0.510116984,-0.061068440,0.135269048,1.000000000,0.977438450,-0.200754145,0.065517910,0.000000000,-0.198880683,-0.979422880,-0.034030032,0.000000000,0.071002777,0.020232404,-0.997270904,0.000000000,0.447657384,-0.002154692,0.220813070,1.000000000,1.429276253,-0.218272910,-0.034928572,-1.089377697,0.025611727,0.195977675
1774925858.000000000,635290145.000000000,0.978177924,-0.193221787,0.076249827,0.000000000,-0.185716548,-0.977927317,-0.095646603,0.000000000,0.093049587,0.079400070,-0.992490505,0.000000000,0.512430702,-0.064782236,0.128350248,1.000000000,0.977438450,-0.200754145,0.065517910,0.000000000,-0.198880683,-0.979422880,-0.034030032,0.000000000,0.071002777,0.020232404,-0.997270904,0.000000000,0.447657384,-0.002154692,0.220813070,1.000000000,1.429276253,-0.218272910,-0.034928572,-1.089377697,0.025611727,0.195977675
1774925858.000000000,668568372.000000000,0.978403933,-0.193005771,0.073859749,0.000000000,-0.185521515,-0.977780090,-0.097512102,0.000000000,0.091040744,0.081705225,-0.992489717,0.000000000,0.514289922,-0.068379501,0.121276485,1.000000000,0.977438450,-0.200754145,0.065517910,0.000000000,-0.198880683,-0.979422880,-0.034030032,0.000000000,0.071002777,0.020232404,-0.997270904,0.000000000,0.447657384,-0.002154692,0.220813070,1.000000000,0.833046889,-1.002917917,-1.516544009,-1.302583088,0.058790902,0.229506555
1774925858.000000000,703297615.000000000,0.978702158,-0.192189251,0.072014756,0.000000000,-0.184728876,-0.977786267,-0.098944453,0.000000000,0.089432822,0.083535553,-0.992483542,0.000000000,0.516006392,-0.071733742,0.114360907,1.000000000,0.977438450,-0.200754145,0.065517910,0.000000000,-0.198880683,-0.979422880,-0.034030032,0.000000000,0.071002777,0.020232404,-0.997270904,0.000000000,0.447657384,-0.002154692,0.220813070,1.000000000,0.994057095,-0.217210117,-1.277333019,-1.263038000,0.045609121,0.247388558
1774925858.000000000,736640930.000000000,0.978876159,-0.191962381,0.070232872,0.000000000,-0.184514024,-0.977667347,-0.100508112,0.000000000,0.087959855,0.085427689,-0.992454117,0.000000000,0.517362924,-0.074848153,0.107450531,1.000000000,0.977438450,-0.200754145,0.065517910,0.000000000,-0.198880683,-0.979422880,-0.034030032,0.000000000,0.071002777,0.020232404,-0.997270904,0.000000000,0.447657384,-0.002154692,0.220813070,1.000000000,0.994057095,-0.217210117,-1.277333019,-1.263038000,0.045609121,0.247388558
1774925858.000000000,771062850.000000000,0.978908422,-0.192068272,0.069489764,0.000000000,-0.184563490,-0.977516655,-0.101873720,0.000000000,0.087495796,0.086901442,-0.992367183,0.000000000,0.518536282,-0.077957881,0.100735745,1.000000000,0.977438450,-0.200754145,0.065517910,0.000000000,-0.198880683,-0.979422880,-0.034030032,0.000000000,0.071002777,0.020232404,-0.997270904,0.000000000,0.447657384,-0.002154692,0.220813070,1.000000000,2.182458446,-0.564197226,-0.805905450,-1.312509677,-0.121486275,0.256197726
1774925858.000000000,805086135.000000000,0.979056760,-0.191738385,0.068300803,0.000000000,-0.184242108,-0.977461641,-0.102977344,0.000000000,0.086507790,0.088238480,-0.992335817,0.000000000,0.519420555,-0.080803596,0.094107917,1.000000000,0.977438450,-0.200754145,0.065517910,0.000000000,-0.198880683,-0.979422880,-0.034030032,0.000000000,0.071002777,0.020232404,-0.997270904,0.000000000,0.447657384,-0.002154692,0.220813070,1.000000000,2.150558131,-0.539548928,3.597154821,-1.263604975,0.079148610,0.204856738
1774925858.000000000,838714838.000000000,0.979291299,-0.191161026,0.066533902,0.000000000,-0.183750310,-0.977464346,-0.103826886,0.000000000,0.084883805,0.089452863,-0.992367334,0.000000000,0.519870231,-0.083301610,0.087469224,1.000000000,0.977438450,-0.200754145,0.065517910,0.000000000,-0.198880683,-0.979422880,-0.034030032,0.000000000,0.071002777,0.020232404,-0.997270904,0.000000000,0.447657384,-0.002154692,0.220813070,1.000000000,2.426865585,-0.602248205,1.464365010,-1.460615843,-0.036998975,0.269333915
1774925858.000000000,872920513.000000000,0.979361551,-0.191264478,0.065188948,0.000000000,-0.183893570,-0.977334676,-0.104789468,0.000000000,0.083755535,0.090640692,-0.992355418,0.000000000,0.520142219,-0.085771122,0.081132018,1.000000000,0.977438450,-0.200754145,0.065517910,0.000000000,-0.198880683,-0.979422880,-0.034030032,0.000000000,0.071002777,0.020232404,-0.997270904,0.000000000,0.447657384,-0.002154692,0.220813070,1.000000000,2.426865585,-0.602248205,1.464365010,-1.460615843,-0.036998975,0.269333915
1774925858.000000000,906853675.000000000,0.979340060,-0.191367714,0.065208833,0.000000000,-0.183925474,-0.977240395,-0.105609550,0.000000000,0.083936580,0.091435858,-0.992267169,0.000000000,0.520409128,-0.088146937,0.075261337,1.000000000,0.977438450,-0.200754145,0.065517910,0.000000000,-0.198880683,-0.979422880,-0.034030032,0.000000000,0.071002777,0.020232404,-0.997270904,0.000000000,0.447657384,-0.002154692,0.220813070,1.000000000,2.037830074,-1.817656864,-0.314267769,-1.896520873,-0.042431307,0.338277050
1774925858.000000000,940962791.000000000,0.979397864,-0.191469512,0.064031218,0.000000000,-0.184062815,-0.977120161,-0.106479190,0.000000000,0.082955310,0.092501506,-0.992250920,0.000000000,0.520237329,-0.090205685,0.069334025,1.000000000,0.977438450,-0.200754145,0.065517910,0.000000000,-0.198880683,-0.979422880,-0.034030032,0.000000000,0.071002777,0.020232404,-0.997270904,0.000000000,0.447657384,-0.002154692,0.220813070,1.000000000,1.953019136,-0.638204618,0.445548237,-1.406580201,-0.006127762,0.232560777
1774925858.000000000,975161790.000000000,0.979454753,-0.191302740,0.063658422,0.000000000,-0.183894306,-0.977103604,-0.106921360,0.000000000,0.082656814,0.093020004,-0.992227358,0.000000000,0.520122276,-0.092178000,0.064042810,1.000000000,0.977438450,-0.200754145,0.065517910,0.000000000,-0.198880683,-0.979422880,-0.034030032,0.000000000,0.071002777,0.020232404,-0.997270904,0.000000000,0.447657384,-0.002154692,0.220813070,1.000000000,1.982749044,-0.749704575,1.709756107,-1.636616021,0.055776747,0.267225719
1774925859.000000000,9922742.000000000,0.979395838,-0.191730816,0.063275853,0.000000000,-0.184322110,-0.976976727,-0.107343289,0.000000000,0.082401638,0.093470231,-0.992206272,0.000000000,0.519701204,-0.094149364,0.058819849,1.000000000,0.977438450,-0.200754145,0.065517910,0.000000000,-0.198880683,-0.979422880,-0.034030032,0.000000000,0.071002777,0.020232404,-0.997270904,0.000000000,0.447657384,-0.002154692,0.220813070,1.000000000,1.982749044,-0.749704575,1.709756107,-1.636616021,0.055776747,0.267225719
1774925859.000000000,43072700.000000000,0.979244352,-0.192600930,0.062977196,0.000000000,-0.185178063,-0.976761609,-0.107826674,0.000000000,0.082282809,0.093928474,-0.992172858,0.000000000,0.519241007,-0.096004920,0.053962396,1.000000000,0.977438450,-0.200754145,0.065517910,0.000000000,-0.198880683,-0.979422880,-0.034030032,0.000000000,0.071002777,0.020232404,-0.997270904,0.000000000,0.447657384,-0.002154692,0.220813070,1.000000000,2.033696520,-1.730871769,0.800654613,-1.865841159,0.011778541,0.260866764
1774925859.000000000,76391458.000000000,0.979216522,-0.192843745,0.062666096,0.000000000,-0.185437808,-0.976696514,-0.107969838,0.000000000,0.082028645,0.094106998,-0.992176987,0.000000000,0.518680952,-0.097646049,0.049332054,1.000000000,0.977438450,-0.200754145,0.065517910,0.000000000,-0.198880683,-0.979422880,-0.034030032,0.000000000,0.071002777,0.020232404,-0.997270904,0.000000000,0.447657384,-0.002154692,0.220813070,1.000000000,2.033696520,-1.730871769,0.800654613,-1.865841159,0.011778541,0.260866764
1774925859.000000000,110375165.000000000,0.979209462,-0.192988490,0.062329926,0.000000000,-0.185621912,-0.976672173,-0.107873627,0.000000000,0.081695846,0.094062887,-0.992208628,0.000000000,0.518139369,-0.099148465,0.045194046,1.000000000,0.977438450,-0.200754145,0.065517910,0.000000000,-0.198880683,-0.979422880,-0.034030032,0.000000000,0.071002777,0.020232404,-0.997270904,0.000000000,0.447657384,-0.002154692,0.220813070,1.000000000,2.295030412,-1.080153661,1.760334952,-1.636953299,0.015534949,0.194812084
1774925859.000000000,144610643.000000000,0.979145878,-0.193600980,0.061422773,0.000000000,-0.186309562,-0.976528951,-0.107984732,0.000000000,0.080888624,0.094290971,-0.992253115,0.000000000,0.517206075,-0.100491610,0.041031132,1.000000000,0.977438450,-0.200754145,0.065517910,0.000000000,-0.198880683,-0.979422880,-0.034030032,0.000000000,0.071002777,0.020232404,-0.997270904,0.000000000,0.447657384,-0.002154692,0.220813070,1.000000000,1.737881048,-0.307453305,2.202023322,-1.547365089,0.145120078,0.186190190
1774925859.000000000,178869724.000000000,0.979047182,-0.194102358,0.061413659,0.000000000,-0.186826682,-0.976452124,-0.107785841,0.000000000,0.080890541,0.094055524,-0.992275304,0.000000000,0.516404904,-0.101890002,0.037402273,1.000000000,0.977438450,-0.200754145,0.065517910,0.000000000,-0.198880683,-0.979422880,-0.034030032,0.000000000,0.071002777,0.020232404,-0.997270904,0.000000000,0.447657384,-0.002154692,0.220813070,1.000000000,1.668528063,-1.258019885,2.665161476,-1.721518325,0.181589961,0.179254292
1774925859.000000000,212844133.000000000,0.979040079,-0.194270097,0.060995077,0.000000000,-0.187044933,-0.976425812,-0.107645596,0.000000000,0.080471037,0.093982342,-0.992316347,0.000000000,0.515508792,-0.103076351,0.033887518,1.000000000,0.977438450,-0.200754145,0.065517910,0.000000000,-0.198880683,-0.979422880,-0.034030032,0.000000000,0.071002777,0.020232404,-0.997270904,0.000000000,0.447657384,-0.002154692,0.220813070,1.000000000,1.668528063,-1.258019885,2.665161476,-1.721518325,0.181589961,0.179254292
1774925859.000000000,246966838.000000000,0.979127723,-0.194009375,0.060415332,0.000000000,-0.186864114,-0.976493820,-0.107342298,0.000000000,0.079822147,0.093814169,-0.992384667,0.000000000,0.514434848,-0.104111562,0.030438040,1.000000000,0.977438450,-0.200754145,0.065517910,0.000000000,-0.198880683,-0.979422880,-0.034030032,0.000000000,0.071002777,0.020232404,-0.997270904,0.000000000,0.447657384,-0.002154692,0.220813070,1.000000000,1.863181525,-1.297649750,1.843452369,-1.770476790,0.118146711,0.180375181
1774925859.000000000,281069755.000000000,0.979182427,-0.193844651,0.060056408,0.000000000,-0.186777956,-0.976570963,-0.106789031,0.000000000,0.079351354,0.093350527,-0.992466141,0.000000000,0.513439347,-0.105168570,0.027418638,1.000000000,0.977438450,-0.200754145,0.065517910,0.000000000,-0.198880683,-0.979422880,-0.034030032,0.000000000,0.071002777,0.020232404,-0.997270904,0.000000000,0.447657384,-0.002154692,0.220813070,1.000000000,1.566178012,-0.995193506,1.959644194,-1.756935415,0.169379804,0.203615554
1774925859.000000000,315697908.000000000,0.979117570,-0.194436133,0.059195625,0.000000000,-0.187473546,-0.976472049,-0.106474195,0.000000000,0.078506816,0.093154935,-0.992551680,0.000000000,0.512385012,-0.106089524,0.024590185,1.000000000,0.977438450,-0.200754145,0.065517910,0.000000000,-0.198880683,-0.979422880,-0.034030032,0.000000000,0.071002777,0.020232404,-0.997270904,0.000000000,0.447657384,-0.002154692,0.220813070,1.000000000,1.581866176,-1.038999861,2.199889656,-1.745377268,0.185649332,0.185646210
